1 2163.939941 2062.270020 2113.939941 2260.199951 2097.320068 2126.419922
2 2051.239990 1998.380005 2059.419922 2157.969971 2061.580078 1999.479980
3 1954.540039 2112.790039 2062.669922 2080.370117 2123.830078 2104.020020
4 1909.400024 1907.599976 1904.319946 2024.400024 2019.760010 1898.910034
5 1867.939941 1917.900024 1917.619995 2025.510010 1931.670044 1928.180054
6 1983.540039 1962.900024 1940.439941 2102.949951 1848.459961 1839.199951
7 1816.459961 1842.380005 1936.130005 2129.270020 2021.599976 1861.790039
8 1854.469971 1902.439941 1826.709961 2110.550049 1905.109985 1735.060059
9 1804.130005 1736.989990 1749.119995 1957.969971 1815.660034 1766.359985
10 1764.979980 1832.369995 1782.390015 2067.189941 1742.250000 1809.819946
11 1694.550049 1723.170044 1686.050049 1977.040039 1866.619995 1888.790039
12 1790.469971 1817.890015 1688.010010 1889.150024 1737.890015 1710.819946
13 1698.180054 1691.150024 1747.010010 1867.329956 1674.239990 1741.800049
14 1635.430054 1700.540039 1704.349976 1881.560059 1746.640015 1633.750000
15 1630.140015 1626.750000 1626.400024 1932.760010 1641.339966 1645.390015
16 1650.800049 1676.530029 1667.869995 1883.810059 1661.300049 1772.920044
17 1674.760010 1600.829956 1639.750000 1825.069946 1663.199951 1674.989990
18 1720.630005 1587.500000 1609.400024 1781.949951 1665.589966 1688.979980
19 1656.500000 1672.910034 1642.479980 1886.930054 1618.550049 1592.760010
20 1559.619995 1566.290039 1639.790039 1892.209961 1582.619995 1621.520020
21 1565.380005 1542.280029 1558.560059 1824.650024 1614.020020 1582.910034
22 1577.920044 1636.550049 1654.619995 1782.030029 1672.339966 1585.739990
23 1598.319946 1570.839966 1594.969971 1661.540039 1573.829956 1583.680054
24 1588.869995 1567.239990 1543.209961 1741.329956 1541.359985 1589.420044
25 1491.500000 1516.030029 1529.270020 1763.380005 1495.729980 1591.719971
26 1535.170044 1601.250000 1551.540039 1728.760010 1565.410034 1601.689941
27 1502.530029 1567.140015 1519.359985 1696.390015 1541.300049 1549.750000
28 1504.890015 1505.569946 1541.609985 1751.250000 1500.319946 1596.400024
29 1553.109985 1523.099976 1475.439941 1698.250000 1518.510010 1514.760010
30 1515.189941 1511.449951 1532.579956 1784.680054 1523.760010 1585.099976
31 1643.579956 1619.829956 1612.469971 1722.910034 1530.709961 1501.810059
32 1513.109985 1553.310059 1468.189941 1636.300049 1491.510010 1490.719971
33 1539.810059 1504.800049 1449.109985 1732.680054 1492.689941 1529.510010
34 1505.449951 1481.949951 1489.250000 1694.040039 1545.140015 1550.520020
35 1593.099976 1537.420044 1534.900024 1777.910034 1481.020020 1563.729980
36 1640.160034 1560.489990 1569.479980 1644.130005 1515.030029 1476.819946
37 1470.589966 1481.839966 1537.900024 1651.670044 1449.959961 1443.229980
38 1464.359985 1477.280029 1471.849976 1697.670044 1572.630005 1523.520020
39 1518.229980 1434.489990 1479.569946 1573.219971 1410.959961 1398.920044
40 1498.410034 1427.719971 1478.969971 1644.729980 1397.239990 1430.640015
41 1425.859985 1455.510010 1527.520020 1639.099976 1425.479980 1409.439941
42 1409.479980 1387.640015 1560.439941 1598.810059 1429.380005 1417.880005
43 1407.729980 1404.280029 1466.079956 1590.310059 1473.800049 1405.880005
44 1497.290039 1468.439941 1406.239990 1723.339966 1478.869995 1411.439941
45 1470.119995 1417.540039 1439.400024 1554.829956 1397.920044 1360.770020
46 1394.890015 1383.140015 1432.140015 1530.329956 1477.510010 1391.790039
47 1391.020020 1390.280029 1382.989990 1553.050049 1421.520020 1359.060059
48 1345.459961 1341.839966 1399.760010 1593.750000 1348.699951 1404.609985
49 1355.160034 1377.890015 1335.500000 1532.849976 1403.420044 1335.869995
50 1373.560059 1405.030029 1361.270020 1512.189941 1459.900024 1368.180054
51 1368.689941 1357.420044 1380.939941 1479.800049 1334.920044 1367.859985
52 1349.000000 1373.359985 1336.619995 1475.959961 1336.140015 1363.390015
53 1405.229980 1404.099976 1417.900024 1465.180054 1373.540039 1412.030029
54 1381.459961 1371.530029 1365.579956 1520.479980 1330.140015 1361.290039
55 1401.479980 1363.880005 1366.380005 1522.449951 1411.760010 1334.810059
56 1328.579956 1442.199951 1387.089966 1507.400024 1359.280029 1368.869995
57 1382.500000 1434.609985 1471.650024 1476.359985 1373.170044 1372.739990
58 1374.300049 1391.770020 1384.869995 1477.000000 1354.800049 1350.380005
59 1371.770020 1385.939941 1346.319946 1475.319946 1356.630005 1345.930054
60 1357.849976 1349.270020 1423.800049 1512.369995 1322.319946 1350.030029
61 1321.229980 1321.540039 1313.180054 1493.810059 1319.839966 1360.270020
62 1384.579956 1330.079956 1346.430054 1479.199951 1330.949951 1377.819946
63 1380.520020 1319.500000 1318.300049 1423.109985 1317.750000 1323.839966
64 1357.280029 1387.160034 1423.609985 1521.510010 1375.020020 1308.380005
65 1314.420044 1428.869995 1368.010010 1459.069946 1390.359985 1356.170044
66 1387.229980 1402.510010 1395.939941 1539.310059 1434.430054 1444.109985
67 1630.329956 1478.250000 1397.880005 1490.969971 1484.800049 1387.469971
68 1418.290039 1507.189941 1500.229980 1655.880005 1474.949951 1391.180054
69 1423.229980 1443.500000 1362.229980 1481.900024 1415.719971 1394.859985
70 1461.660034 1398.369995 1429.359985 1468.489990 1370.140015 1359.180054
71 1330.050049 1450.390015 1386.849976 1580.949951 1474.140015 1418.989990
72 1402.469971 1436.719971 1364.369995 1430.000000 1329.689941 1505.810059
73 1375.650024 1318.260010 1346.949951 1428.069946 1331.599976 1290.469971
74 1324.670044 1300.109985 1315.359985 1435.150024 1315.390015 1322.750000
75 1362.260010 1420.310059 1355.109985 1603.589966 1377.380005 1533.359985
76 1377.290039 1326.540039 1382.479980 1552.209961 1394.489990 1352.329956
77 1343.900024 1413.689941 1329.290039 1420.949951 1339.489990 1344.380005
78 1327.310059 1323.060059 1267.979980 1383.729980 1326.229980 1335.349976
79 1312.619995 1385.339966 1310.699951 1391.319946 1255.180054 1309.089966
80 1281.880005 1244.849976 1279.890015 1369.060059 1274.810059 1247.859985
81 1243.910034 1239.089966 1247.989990 1425.430054 1334.170044 1246.959961
82 1277.930054 1277.729980 1318.920044 1423.300049 1258.410034 1301.109985
83 1269.589966 1268.599976 1244.949951 1395.760010 1314.800049 1273.130005
84 1321.530029 1305.550049 1279.750000 1418.859985 1385.109985 1249.040039
85 1233.310059 1240.660034 1261.989990 1429.030029 1285.959961 1252.369995
86 1219.609985 1246.099976 1249.699951 1414.040039 1230.339966 1252.760010
87 1313.829956 1273.439941 1264.060059 1384.560059 1244.229980 1209.719971
88 1219.319946 1232.969971 1287.109985 1391.920044 1211.760010 1238.880005
89 1213.130005 1208.599976 1206.969971 1364.050049 1218.069946 1203.869995
90 1239.380005 1202.760010 1201.459961 1399.410034 1242.530029 1280.069946
91 1244.359985 1211.619995 1243.560059 1371.449951 1224.910034 1229.689941
92 1232.530029 1201.000000 1194.859985 1342.160034 1215.209961 1226.400024
93 1196.680054 1208.849976 1223.109985 1311.560059 1222.250000 1269.489990
94 1199.020020 1231.410034 1192.040039 1319.390015 1196.910034 1193.709961
95 1203.939941 1253.760010 1314.380005 1443.209961 1253.050049 1258.680054
96 1239.780029 1257.689941 1251.859985 1303.459961 1245.670044 1275.579956
97 1222.619995 1249.280029 1197.119995 1349.890015 1194.229980 1214.180054
98 1245.479980 1230.819946 1229.469971 1300.709961 1229.060059 1218.770020
99 1191.599976 1227.369995 1216.329956 1342.660034 1189.810059 1295.609985
100 1259.479980 1233.760010 1203.380005 1326.060059 1224.229980 1220.140015
101 1191.010010 1188.500000 1212.939941 1354.910034 1266.520020 1182.589966
102 1191.650024 1246.390015 1183.800049 1308.239990 1220.729980 1239.170044
103 1195.260010 1216.250000 1225.020020 1299.130005 1187.770020 1285.689941
104 1249.739990 1208.709961 1186.420044 1273.150024 1193.650024 1214.500000
105 1249.219971 1215.829956 1245.420044 1353.260010 1188.369995 1212.829956
106 1190.040039 1252.150024 1181.780029 1319.239990 1219.000000 1188.390015
107 1218.339966 1186.089966 1214.290039 1323.390015 1218.349976 1183.339966
108 1186.380005 1225.729980 1191.010010 1344.310059 1195.119995 1203.339966
109 1203.199951 1214.560059 1197.609985 1317.390015 1186.800049 1191.949951
110 1185.819946 1184.540039 1181.410034 1269.079956 1186.770020 1209.229980
111 1186.670044 1182.729980 1208.420044 1257.910034 1202.339966 1183.160034
112 1276.910034 1279.420044 1294.189941 1437.310059 1314.000000 1328.400024
113 1299.209961 1373.410034 1385.239990 1415.219971 1357.829956 1271.560059
114 1246.680054 1215.209961 1181.310059 1234.619995 1190.150024 1235.109985
115 1214.369995 1215.550049 1180.400024 1258.530029 1196.979980 1202.250000
116 1215.689941 1197.229980 1217.430054 1280.530029 1185.510010 1180.949951
117 1218.150024 1213.260010 1250.739990 1292.859985 1249.650024 1208.260010
118 1187.089966 1205.339966 1180.369995 1241.089966 1230.160034 1185.030029
119 1187.800049 1203.599976 1211.770020 1277.609985 1185.719971 1192.209961
120 1184.199951 1183.989990 1203.709961 1268.349976 1203.530029 1217.589966
121 1242.189941 1181.619995 1180.160034 1272.300049 1225.339966 1187.910034
122 1225.869995 1202.849976 1241.410034 1224.949951 1214.640015 1178.079956
123 1248.869995 1267.660034 1213.520020 1256.880005 1248.900024 1218.250000
124 1197.959961 1182.180054 1210.060059 1238.989990 1197.180054 1207.030029
125 1247.199951 1176.959961 1208.089966 1295.819946 1250.729980 1239.670044
126 1264.739990 1283.579956 1214.400024 1287.780029 1301.750000 1326.400024
127 1387.410034 1251.689941 1255.719971 1299.780029 1287.869995 1269.569946
128 1228.000000 1208.569946 1211.459961 1286.900024 1247.010010 1249.739990
129 1261.729980 1267.619995 1282.290039 1293.660034 1249.359985 1228.449951
130 1252.209961 1254.160034 1257.050049 1323.469971 1230.979980 1277.449951
131 1212.949951 1207.000000 1211.760010 1229.040039 1181.300049 1173.069946
132 1253.609985 1196.640015 1227.239990 1302.680054 1184.569946 1190.430054
133 1234.979980 1242.339966 1173.050049 1261.890015 1213.300049 1204.640015
134 1237.430054 1232.660034 1237.199951 1201.520020 1208.640015 1274.849976
135 1211.569946 1173.670044 1171.140015 1247.609985 1205.880005 1208.890015
136 1174.079956 1174.479980 1199.219971 1272.290039 1177.709961 1204.140015
137 1171.680054 1233.849976 1200.089966 1189.430054 1174.000000 1227.979980
138 1169.510010 1171.369995 1167.689941 1215.140015 1209.790039 1194.890015
139 1172.260010 1198.069946 1167.739990 1193.229980 1204.729980 1163.050049
140 1203.550049 1166.520020 1163.079956 1195.550049 1193.180054 1162.310059
141 1180.430054 1213.430054 1189.459961 1285.420044 1166.619995 1174.030029
142 1165.569946 1162.250000 1161.089966 1182.270020 1165.880005 1189.150024
143 1194.699951 1163.459961 1189.739990 1199.449951 1189.920044 1158.010010
144 1162.459961 1253.930054 1158.969971 1251.280029 1167.469971 1183.300049
145 1169.939941 1186.119995 1160.670044 1251.479980 1191.319946 1171.699951
146 1154.959961 1172.430054 1176.719971 1188.680054 1155.599976 1181.089966
147 1151.920044 1148.349976 1148.130005 1178.010010 1156.010010 1203.349976
148 1211.890015 1152.449951 1172.880005 1251.750000 1148.209961 1171.449951
149 1147.040039 1144.510010 1156.520020 1172.109985 1146.910034 1196.920044
150 1144.369995 1142.489990 1138.819946 1183.390015 1175.310059 1171.189941
151 1139.959961 1137.280029 1166.729980 1233.680054 1137.910034 1158.680054
152 1226.630005 1168.079956 1133.920044 1190.130005 1137.619995 1190.250000
153 1131.939941 1154.949951 1162.430054 1168.469971 1158.060059 1192.069946
154 1222.699951 1138.260010 1147.689941 1140.119995 1175.390015 1192.650024
155 1141.020020 1160.439941 1157.760010 1291.800049 1185.739990 1152.839966
156 1162.449951 1234.189941 1142.150024 1159.459961 1152.869995 1186.069946
157 1297.199951 1187.420044 1258.810059 1351.630005 1288.660034 1246.189941
158 1252.489990 1282.229980 1273.260010 1255.030029 1214.199951 1279.099976
159 1175.250000 1109.310059 1106.510010 1179.390015 1144.319946 1104.050049
160 1200.040039 1111.239990 1104.780029 1151.969971 1109.489990 1103.069946
161 1103.760010 1140.869995 1098.939941 1153.449951 1107.270020 1096.410034
162 1100.920044 1123.189941 1136.170044 1151.390015 1100.400024 1127.109985
163 1136.000000 1159.550049 1156.739990 1136.849976 1131.910034 1123.310059
164 1125.729980 1146.959961 1123.060059 1220.050049 1160.209961 1154.079956
165 1121.719971 1121.829956 1113.849976 1183.189941 1112.010010 1110.729980
166 1126.530029 1138.869995 1138.619995 1206.479980 1148.489990 1195.800049
167 1189.780029 1199.150024 1123.829956 1202.270020 1144.030029 1116.349976
168 1129.079956 1112.189941 1150.489990 1167.400024 1182.369995 1138.290039
169 1154.430054 1153.270020 1134.880005 1226.930054 1166.520020 1119.849976
170 1079.180054 1110.310059 1074.709961 1206.810059 1097.000000 1131.790039
171 1178.319946 1156.319946 1191.540039 1320.709961 1135.949951 1158.199951
172 1117.640015 1167.150024 1138.949951 1204.119995 1120.650024 1239.430054
173 1183.500000 1079.489990 1079.680054 1254.290039 1132.369995 1089.050049
174 1081.750000 1138.050049 1092.170044 1155.989990 1110.699951 1169.839966
175 1103.079956 1096.459961 1077.349976 1194.060059 1165.890015 1095.449951
176 1099.640015 1097.670044 1073.040039 1175.900024 1066.880005 1097.020020
177 1070.650024 1098.280029 1137.250000 1210.670044 1162.599976 1077.020020
178 1146.459961 1163.550049 1106.250000 1192.979980 1077.729980 1098.170044
179 1132.589966 1132.630005 1085.270020 1202.670044 1110.790039 1060.810059
180 1065.890015 1095.760010 1062.390015 1132.359985 1174.410034 1115.770020
181 1103.369995 1090.359985 1090.560059 1168.790039 1062.239990 1063.079956
182 1091.040039 1131.599976 1089.109985 1162.609985 1079.160034 1085.119995
183 1064.680054 1073.270020 1065.969971 1108.959961 1125.729980 1073.239990
184 1108.300049 1094.060059 1070.119995 1128.430054 1115.359985 1119.530029
185 1103.400024 1107.180054 1118.760010 1159.420044 1182.060059 1135.839966
186 1088.310059 1115.130005 1082.319946 1153.540039 1065.170044 1090.609985
187 1129.469971 1125.489990 1090.079956 1153.800049 1131.849976 1063.339966
188 1067.569946 1120.680054 1090.510010 1203.439941 1117.439941 1085.280029
189 1100.479980 1115.430054 1099.719971 1143.530029 1107.189941 1126.400024
190 1125.920044 1069.280029 1094.310059 1102.479980 1062.050049 1069.680054
191 1150.660034 1056.180054 1050.099976 1115.119995 1103.280029 1050.050049
192 1056.589966 1087.160034 1120.199951 1162.560059 1057.479980 1079.560059
193 1062.260010 1056.329956 1088.180054 1111.390015 1055.250000 1051.020020
194 1118.989990 1082.989990 1071.520020 1173.290039 1057.859985 1083.060059
195 1056.829956 1052.020020 1048.630005 1174.040039 1093.780029 1126.329956
196 1122.849976 1107.930054 1076.459961 1137.920044 1086.910034 1144.630005
197 1096.589966 1057.989990 1099.020020 1137.520020 1087.069946 1108.469971
198 1068.250000 1066.209961 1048.979980 1135.439941 1067.510010 1126.849976
199 1178.130005 1065.229980 1085.599976 1143.819946 1094.599976 1116.479980
200 1109.300049 1124.959961 1134.780029 1180.089966 1108.750000 1071.069946
201 1082.079956 1083.550049 1054.050049 1119.819946 1066.040039 1063.329956
202 1062.150024 1069.229980 1066.170044 1116.469971 1116.359985 1072.760010
203 1163.170044 1262.000000 1234.790039 1332.880005 1263.780029 1201.729980
204 1283.390015 1106.400024 1065.780029 1105.949951 1057.030029 1053.410034
205 1084.599976 1065.390015 1065.439941 1102.709961 1075.510010 1050.339966
206 1060.319946 1089.010010 1052.239990 1098.229980 1096.500000 1075.140015
207 1057.790039 1137.089966 1054.630005 1083.550049 1085.459961 1052.640015
208 1112.239990 1097.000000 1125.060059 1205.869995 1093.140015 1111.930054
209 1083.500000 1102.569946 1136.140015 1110.650024 1063.189941 1061.390015
210 1091.979980 1114.459961 1123.369995 1130.760010 1121.719971 1080.930054
211 1079.109985 1128.900024 1091.540039 1162.650024 1100.369995 1070.319946
212 1053.619995 1088.109985 1096.640015 1148.920044 1121.670044 1093.209961
213 1129.739990 1115.339966 1102.609985 1104.969971 1125.709961 1083.589966
214 1084.630005 1051.400024 1082.729980 1156.550049 1092.979980 1070.469971
215 1062.380005 1085.869995 1088.489990 1142.640015 1057.280029 1046.050049
216 1054.859985 1058.660034 1100.859985 1147.199951 1090.489990 1081.719971
217 1130.119995 1060.680054 1049.170044 1081.949951 1095.819946 1082.170044
218 1092.750000 1063.660034 1081.050049 1137.459961 1061.650024 1052.699951
219 1067.910034 1103.420044 1098.670044 1142.239990 1084.469971 1079.219971
220 1085.530029 1079.579956 1086.569946 1166.920044 1157.729980 1076.579956
221 1095.579956 1054.109985 1084.219971 1137.800049 1058.089966 1054.739990
222 1146.760010 1078.459961 1068.349976 1091.579956 1092.329956 1052.430054
223 1084.150024 1082.160034 1073.449951 1083.540039 1074.560059 1081.500000
224 1055.939941 1089.760010 1047.540039 1073.290039 1053.640015 1051.030029
225 1053.949951 1059.479980 1074.780029 1080.489990 1070.849976 1077.939941
226 1115.680054 1054.729980 1048.189941 1104.780029 1123.349976 1070.310059
227 1055.239990 1087.040039 1110.569946 1064.560059 1052.959961 1076.589966
228 1097.239990 1053.420044 1047.790039 1090.069946 1087.209961 1072.969971
229 1074.140015 1078.050049 1047.339966 1093.719971 1107.319946 1078.079956
230 1084.709961 1063.180054 1059.079956 1111.989990 1056.810059 1045.459961
231 1054.630005 1082.920044 1078.449951 1065.099976 1082.859985 1112.400024
232 1094.079956 1054.709961 1048.000000 1088.300049 1078.829956 1081.089966
233 1142.040039 1105.819946 1054.540039 1139.329956 1096.150024 1078.699951
234 1092.060059 1124.099976 1145.849976 1165.390015 1053.160034 1061.430054
235 1053.449951 1108.229980 1110.349976 1049.180054 1084.880005 1099.010010
236 1145.469971 1109.410034 1083.819946 1087.119995 1101.530029 1049.079956
237 1056.699951 1078.630005 1046.290039 1093.849976 1057.229980 1061.680054
238 1086.640015 1053.319946 1124.030029 1093.800049 1079.099976 1043.859985
239 1052.349976 1050.439941 1082.589966 1057.180054 1075.130005 1101.910034
240 1085.099976 1150.550049 1046.729980 1058.430054 1051.290039 1071.099976
241 1121.930054 1087.800049 1101.459961 1088.349976 1116.280029 1044.780029
242 1085.339966 1078.959961 1089.469971 1159.670044 1088.680054 1093.449951
243 1086.219971 1119.319946 1079.329956 1104.319946 1084.880005 1076.939941
244 1109.339966 1128.760010 1108.910034 1133.500000 1066.359985 1083.680054
245 1117.800049 1050.030029 1115.900024 1045.410034 1105.140015 1061.199951
246 1051.599976 1110.459961 1080.199951 1069.500000 1129.119995 1107.030029
247 1066.479980 1121.890015 1048.239990 1088.680054 1083.380005 1045.060059
248 1094.939941 1098.689941 1114.829956 1072.760010 1085.069946 1077.719971
249 1070.859985 1051.469971 1094.410034 1056.790039 1080.670044 1049.109985
250 1091.219971 1111.900024 1088.329956 1120.780029 1065.030029 1105.540039
251 1078.410034 1087.310059 1047.140015 1048.469971 1053.920044 1143.180054
252 1069.000000 1052.199951 1047.209961 1053.859985 1055.709961 1108.939941
253 1137.479980 1089.599976 1130.560059 1058.300049 1095.209961 1104.469971
254 1213.760010 1148.959961 1192.020020 1175.910034 1161.229980 1137.189941
255 1166.489990 1163.959961 1130.540039 1170.530029 1141.250000 1127.930054
256 1157.469971 1201.459961 1084.619995 1058.280029 1083.020020 1056.739990
257 1102.630005 1085.530029 1050.869995 1126.750000 1095.670044 1044.959961
258 1115.939941 1097.479980 1048.959961 1029.709961 1085.750000 1077.670044
259 1133.579956 1131.180054 1084.380005 1028.020020 1132.079956 1054.959961
260 1096.680054 1095.050049 1079.640015 1059.229980 1112.760010 1084.469971
261 1109.609985 1112.060059 1085.109985 1059.290039 1069.660034 1105.910034
262 1096.109985 1115.750000 1175.939941 1072.270020 1132.030029 1089.530029
263 1087.339966 1110.119995 1134.859985 1033.239990 1092.849976 1084.949951
264 1080.459961 1087.900024 1112.660034 1019.979980 1079.719971 1042.910034
265 1080.369995 1127.130005 1087.569946 1047.250000 1096.719971 1102.199951
266 1092.369995 1070.939941 1083.079956 1057.420044 1097.150024 1089.500000
267 1083.040039 1082.479980 1077.589966 1059.040039 1060.630005 1089.199951
268 1103.020020 1157.130005 1115.229980 1158.109985 1173.180054 1159.619995
269 1133.099976 1119.329956 1161.800049 1086.770020 1178.380005 1129.449951
270 1101.800049 1192.140015 1165.290039 1092.109985 1112.010010 1073.250000
271 1079.959961 1111.939941 1176.849976 1077.040039 1114.880005 1267.729980
272 1298.750000 1291.869995 1189.089966 1217.579956 1216.540039 1168.140015
273 1163.800049 1215.530029 1169.949951 1239.349976 1185.800049 1187.650024
274 1156.890015 1188.969971 1247.520020 1198.229980 1211.729980 1183.030029
275 1209.579956 1154.219971 1059.060059 1049.439941 1109.939941 1117.569946
276 1125.060059 1201.739990 1095.260010 1066.089966 1119.260010 1129.109985
277 1125.229980 1192.699951 1173.270020 1063.199951 1106.489990 1101.780029
278 1104.089966 1093.640015 1106.069946 1108.329956 1159.380005 1102.160034
279 1157.920044 1284.520020 1077.790039 1109.680054 1148.500000 1066.650024
280 1139.369995 1059.530029 1170.030029 1178.780029 1130.000000 1157.569946
281 1127.589966 1117.209961 1116.010010 1054.050049 1079.890015 1066.979980
282 1081.640015 1073.670044 1077.540039 1100.189941 1046.520020 1064.180054
283 1090.959961 1085.810059 1140.390015 1039.319946 1126.790039 1063.859985
284 1148.900024 1094.369995 1080.319946 1092.439941 1047.089966 1073.719971
285 1072.449951 1069.729980 1036.619995 1074.890015 1046.400024 1091.859985
286 1074.959961 1135.030029 1106.770020 1242.510010 1102.329956 1066.849976
287 1107.849976 1046.959961 1101.339966 1094.479980 1081.790039 1146.920044
288 1073.619995 1128.689941 1075.239990 1046.079956 1064.300049 1120.819946
289 1077.510010 1128.060059 1038.109985 1000.539978 1184.310059 1060.959961
290 1094.880005 1082.930054 1032.189941 1061.380005 1076.780029 1097.439941
291 1081.810059 1121.719971 1100.000000 1071.729980 1068.380005 1107.969971
292 1042.180054 1044.099976 1038.800049 1012.820007 1037.560059 1114.800049
293 1088.130005 1060.979980 1089.640015 1031.420044 1032.579956 1054.089966
294 1040.829956 1051.290039 1049.040039 1119.790039 1077.729980 1172.550049
295 1031.780029 1067.599976 1055.040039 1005.700012 1097.839966 1052.369995
296 1055.300049 1086.900024 1066.469971 1013.729980 1026.780029 1018.080017
297 1029.969971 1030.560059 1050.010010 1030.180054 1026.459961 1051.810059
298 1078.689941 1021.960022 1018.760010 1000.530029 1056.260010 1072.089966
299 1030.550049 1018.960022 1111.050049 1085.969971 1053.380005 1049.030029
300 1018.489990 1049.020020 1033.369995 1058.280029 1020.080017 1038.699951
301 1057.920044 1116.390015 1134.520020 1120.729980 1153.199951 1147.020020
302 1076.550049 1164.729980 1083.469971 1088.540039 1064.969971 1164.800049
303 1102.540039 1141.089966 1134.239990 1101.869995 1044.359985 1003.679993
304 1078.349976 1066.339966 1004.840027 993.380005 1010.000000 1030.400024
305 1041.589966 1057.729980 1001.299988 986.929993 1008.590027 1043.739990
306 1070.630005 1014.729980 1052.310059 985.119995 1037.410034 1051.520020
307 1023.679993 1059.260010 1027.479980 1056.890015 1033.949951 994.150024
308 1002.599976 1029.680054 1012.030029 1011.260010 1092.140015 1007.909973
309 1034.390015 1078.880005 1047.949951 989.500000 1065.000000 1004.099976
310 1029.550049 1034.479980 1029.979980 1007.099976 994.619995 987.080017
311 1090.260010 995.640015 1057.479980 1048.780029 1054.430054 1057.239990
312 999.070007 1001.380005 1016.450012 1013.770020 1027.760010 1044.209961
313 996.690002 995.510010 987.669983 1051.589966 1037.790039 1011.840027
314 1061.040039 1048.400024 1008.619995 1060.890015 1049.430054 1012.260010
315 1012.169983 1022.150024 979.929993 1072.599976 991.440002 981.890015
316 981.150024 1027.930054 1029.829956 1013.309998 1067.609985 1027.569946
317 979.450012 1053.369995 1032.239990 1087.780029 993.250000 993.719971
318 1059.979980 975.400024 971.729980 1008.169983 985.260010 997.770020
319 1005.950012 972.190002 969.070007 1008.469971 999.219971 995.669983
320 969.380005 969.760010 1031.660034 1002.739990 1004.020020 1030.270020
321 999.940002 989.750000 961.030029 1028.050049 985.130005 961.780029
322 965.719971 994.270020 1004.210022 989.969971 999.780029 993.890015
323 996.450012 997.909973 999.380005 1039.050049 987.030029 964.950012
324 1025.189941 963.590027 961.130005 1005.270020 1018.409973 996.979980
325 1027.560059 967.080017 1007.479980 984.020020 991.239990 995.640015
326 963.880005 1024.430054 1030.770020 997.440002 1060.290039 1021.640015
327 991.859985 971.369995 1023.770020 1007.049988 958.859985 952.280029
328 984.799988 959.929993 951.840027 1004.539978 988.710022 987.520020
329 973.830017 993.520020 1007.369995 1016.289978 954.309998 1021.280029
330 1027.500000 981.869995 980.590027 1042.319946 1003.460022 985.950012
331 987.750000 1008.609985 996.030029 991.919983 947.130005 966.190002
332 945.190002 982.750000 996.770020 988.400024 985.469971 945.049988
333 949.909973 940.900024 939.659973 960.090027 963.690002 975.450012
334 976.539978 969.169983 939.239990 995.760010 944.890015 977.890015
335 974.650024 937.390015 981.229980 1019.789978 1031.949951 942.950012
336 944.590027 969.400024 934.479980 971.409973 1003.289978 951.460022
337 950.609985 937.469971 985.380005 1001.320007 938.809998 1008.710022
338 940.580017 940.669983 965.849976 1004.179993 989.239990 973.549988
339 970.390015 971.099976 976.989990 997.809998 995.260010 936.869995
340 962.049988 957.650024 1022.020020 999.729980 983.559998 930.400024
341 937.700012 934.909973 931.119995 968.630005 1001.619995 931.010010
342 935.500000 941.739990 960.770020 956.679993 960.890015 959.739990
343 936.739990 941.789978 986.880005 992.700012 1030.250000 968.830017
344 1025.099976 1001.820007 955.450012 1018.919983 968.460022 1013.760010
345 1031.760010 1044.479980 962.229980 981.270020 964.609985 999.599976
346 993.729980 1023.469971 975.150024 1066.060059 986.770020 980.299988
347 991.090027 997.289978 956.489990 988.659973 966.340027 987.500000
348 999.179993 952.419983 997.539978 963.309998 957.640015 985.340027
349 956.109985 985.799988 929.099976 956.159973 929.500000 926.559998
350 959.030029 928.289978 932.409973 969.809998 972.619995 921.169983
351 992.169983 958.969971 966.359985 1027.770020 929.429993 955.880005
352 928.280029 985.559998 988.859985 1004.049988 997.429993 955.619995
353 1018.809998 968.099976 923.090027 992.919983 988.359985 985.849976
354 959.380005 968.140015 951.750000 1013.960022 930.640015 921.630005
355 927.929993 1051.810059 1016.049988 1033.859985 1062.829956 1041.910034
356 944.460022 937.539978 958.799988 1037.910034 968.320007 957.539978
357 957.520020 1020.010010 1019.960022 1003.830017 958.840027 989.489990
358 959.440002 957.419983 1039.869995 989.109985 1009.609985 981.760010
359 961.119995 981.390015 949.039978 1003.539978 957.429993 934.820007
360 977.150024 963.390015 949.900024 1023.809998 934.440002 940.340027
361 994.400024 930.460022 1011.820007 955.789978 925.469971 984.460022
362 957.530029 958.239990 917.489990 982.210022 931.530029 948.710022
363 925.609985 934.169983 918.140015 1011.830017 965.890015 951.590027
364 945.150024 936.309998 920.309998 998.809998 975.049988 931.419983
365 925.770020 961.049988 959.809998 985.500000 1032.020020 955.090027
366 967.489990 963.979980 948.859985 966.570007 924.510010 927.169983
367 994.270020 932.320007 954.270020 995.830017 950.460022 941.010010
368 928.489990 939.299988 947.830017 961.039978 959.989990 916.450012
369 969.630005 951.409973 925.450012 988.739990 987.679993 950.020020
370 931.809998 990.650024 929.669983 1000.559998 961.619995 988.659973
371 1003.320007 941.619995 922.520020 968.969971 936.789978 973.130005
372 961.500000 973.530029 945.559998 945.840027 927.450012 1001.299988
373 972.130005 975.520020 922.929993 975.400024 964.280029 950.099976
374 923.679993 919.219971 961.119995 1005.309998 942.200012 956.960022
375 998.590027 948.419983 917.299988 947.840027 961.820007 948.700012
376 958.849976 1009.919983 935.250000 958.760010 953.380005 953.299988
377 977.700012 932.289978 924.840027 976.549988 965.229980 1013.940002
378 1074.319946 924.200012 950.619995 962.450012 923.590027 952.440002
379 943.840027 933.859985 949.219971 967.859985 989.530029 947.030029
380 930.940002 957.159973 978.059998 982.929993 934.840027 985.510010
381 980.369995 930.559998 983.859985 967.049988 949.190002 947.780029
382 923.280029 957.460022 916.710022 946.549988 927.469971 925.669983
383 925.609985 926.840027 949.090027 995.419983 984.520020 916.130005
384 923.489990 989.750000 992.289978 959.349976 925.960022 924.640015
385 1002.830017 988.929993 940.409973 961.299988 933.099976 929.380005
386 961.820007 961.710022 965.840027 970.179993 955.710022 931.099976
387 977.510010 961.070007 956.510010 964.659973 972.150024 924.169983
388 965.130005 962.349976 985.840027 1072.300049 997.989990 1034.469971
389 954.690002 960.099976 916.320007 989.890015 986.640015 1046.449951
390 979.270020 1028.209961 955.960022 973.789978 965.630005 963.679993
391 1014.770020 957.549988 927.429993 980.510010 959.239990 992.109985
392 929.179993 1051.439941 1063.680054 1191.880005 1130.920044 1090.150024
393 1069.979980 1121.109985 1156.709961 1156.109985 958.580017 915.479980
394 956.780029 949.030029 972.599976 964.419983 922.950012 920.219971
395 1051.939941 960.080017 986.739990 938.140015 958.729980 950.150024
396 957.650024 969.070007 967.580017 948.659973 1005.119995 960.340027
397 954.309998 991.330017 953.710022 946.210022 993.859985 955.719971
398 987.710022 970.059998 923.250000 1016.989990 966.669983 947.890015
399 922.429993 928.900024 915.359985 934.799988 960.119995 944.380005
400 922.440002 955.909973 951.039978 978.270020 951.010010 950.820007
401 948.640015 961.859985 946.000000 911.020020 962.349976 972.599976
402 987.460022 941.690002 934.549988 994.960022 932.909973 949.020020
403 969.349976 959.250000 974.909973 925.929993 1012.849976 962.349976
404 975.599976 993.719971 919.570007 918.190002 965.880005 956.260010
405 999.349976 928.599976 965.650024 982.450012 998.320007 950.380005
406 991.809998 920.609985 949.190002 924.890015 922.960022 919.340027
407 950.700012 984.429993 915.960022 995.679993 984.219971 927.239990
408 923.109985 953.140015 915.659973 950.239990 1008.650024 937.419983
409 922.679993 919.789978 917.010010 940.299988 967.940002 1007.510010
410 923.109985 952.750000 916.489990 947.859985 1007.969971 960.539978
411 953.119995 996.849976 985.570007 1009.020020 1013.679993 949.169983
412 1008.190002 971.059998 999.340027 981.590027 1012.429993 999.179993
413 1085.339966 1000.820007 939.429993 978.969971 987.669983 975.400024
414 982.789978 1007.669983 1018.570007 959.320007 961.609985 920.229980
415 922.969971 921.549988 947.469971 920.950012 981.250000 951.159973
416 940.640015 963.080017 967.080017 933.320007 968.929993 942.219971
417 960.330017 954.789978 946.169983 961.190002 1004.539978 1077.729980
418 1050.750000 956.520020 948.150024 942.099976 920.549988 915.520020
419 953.419983 976.580017 947.909973 990.070007 937.570007 924.090027
420 952.419983 1002.169983 1000.190002 969.380005 1038.900024 1005.520020
421 968.869995 967.940002 996.599976 1066.869995 985.580017 995.570007
422 998.950012 999.280029 971.419983 955.109985 982.599976 939.150024
423 956.450012 956.599976 927.119995 921.820007 973.789978 957.309998
424 963.590027 929.299988 955.500000 906.099976 998.539978 950.880005
425 932.190002 973.520020 987.820007 942.630005 977.580017 957.729980
426 952.690002 928.820007 979.280029 951.760010 952.070007 944.289978
427 972.770020 958.929993 947.469971 963.849976 956.159973 944.429993
428 950.130005 927.419983 966.190002 954.059998 954.989990 966.119995
429 969.859985 920.669983 993.309998 953.070007 930.369995 993.299988
430 930.200012 930.929993 954.000000 920.880005 923.460022 924.390015
431 925.369995 971.690002 981.679993 934.390015 984.320007 978.890015
432 924.890015 933.190002 918.390015 932.330017 934.320007 915.690002
433 921.659973 917.239990 943.549988 944.500000 957.359985 925.450012
434 962.549988 926.260010 994.750000 924.489990 932.599976 1020.739990
435 978.239990 971.679993 916.260010 958.820007 962.190002 917.479980
436 961.650024 947.599976 986.219971 977.400024 921.840027 960.299988
437 925.969971 958.679993 940.549988 957.330017 922.750000 940.229980
438 1001.760010 979.929993 919.859985 934.789978 966.099976 983.729980
439 967.099976 971.020020 952.409973 903.690002 923.369995 979.869995
440 987.140015 923.150024 985.250000 948.109985 970.750000 948.390015
441 922.059998 984.710022 930.000000 936.429993 1004.489990 984.119995
442 988.080017 970.619995 954.770020 896.450012 929.159973 945.690002
443 959.169983 960.770020 951.510010 926.359985 926.690002 1022.219971
444 927.840027 952.580017 917.539978 934.099976 922.380005 978.330017
445 937.609985 923.599976 982.460022 914.559998 930.809998 914.380005
446 923.369995 977.250000 942.289978 930.640015 982.869995 928.400024
447 950.200012 933.549988 920.400024 916.080017 963.169983 952.380005
448 937.349976 936.890015 953.739990 937.669983 941.409973 952.039978
449 957.539978 999.250000 932.030029 932.929993 927.640015 958.140015
450 956.119995 957.929993 1003.770020 906.950012 989.099976 949.799988
451 957.479980 951.869995 948.570007 942.429993 920.739990 923.549988
452 955.539978 918.929993 948.750000 927.940002 949.059998 932.150024
453 953.479980 919.250000 918.049988 926.330017 925.559998 950.880005
454 925.659973 948.440002 919.760010 923.119995 991.690002 946.950012
455 923.599976 920.969971 916.799988 905.619995 952.140015 983.909973
456 954.919983 947.419983 962.340027 908.380005 920.140015 945.460022
457 923.289978 948.419983 960.909973 892.919983 954.659973 974.059998
458 927.650024 956.039978 918.130005 910.760010 922.729980 959.380005
459 956.979980 990.849976 918.000000 891.510010 921.219971 947.719971
460 971.539978 921.010010 916.909973 915.640015 963.450012 957.780029
461 979.719971 958.489990 962.239990 878.880005 923.450012 1011.229980
462 921.400024 920.369995 947.809998 896.359985 951.590027 916.250000
463 941.450012 952.169983 918.039978 946.340027 919.340027 914.979980
464 921.390015 934.390015 950.929993 963.309998 943.840027 942.809998
465 945.859985 923.260010 923.150024 868.849976 923.440002 918.969971
466 954.270020 952.190002 946.659973 906.570007 921.169983 946.289978
467 925.570007 982.500000 915.869995 871.440002 923.510010 973.150024
468 983.630005 1082.199951 1000.159973 1036.660034 1028.550049 1028.869995
469 1081.300049 1056.680054 1054.550049 992.859985 997.340027 1066.800049
470 1008.520020 1057.689941 1073.349976 915.359985 950.119995 912.380005
471 923.460022 964.989990 931.669983 936.750000 933.719971 942.070007
472 922.809998 921.570007 915.979980 882.340027 921.789978 913.739990
473 934.119995 969.909973 916.909973 942.780029 952.369995 914.719971
474 950.500000 924.760010 916.640015 884.830017 948.400024 939.150024
475 926.659973 953.270020 916.109985 877.570007 949.599976 917.250000
476 953.969971 922.320007 915.770020 871.109985 929.849976 913.429993
477 985.989990 953.349976 916.690002 899.669983 946.299988 916.789978
478 923.330017 921.650024 1028.170044 907.729980 920.890015 933.440002
479 937.549988 927.190002 916.150024 918.219971 945.330017 948.809998
480 992.020020 919.280029 942.390015 902.859985 921.200012 918.719971
481 921.799988 921.369995 922.659973 963.219971 933.760010 971.000000
482 938.369995 953.739990 931.890015 923.109985 961.440002 915.239990
483 940.960022 995.789978 918.210022 881.659973 928.479980 923.849976
484 997.989990 985.690002 994.200012 921.510010 948.679993 958.429993
485 974.640015 959.450012 960.390015 932.130005 938.580017 942.919983
486 967.400024 949.640015 948.840027 901.440002 952.119995 915.510010
487 922.780029 918.440002 950.869995 906.729980 944.049988 915.080017
488 922.520020 920.969971 961.390015 918.109985 928.960022 936.169983
489 953.229980 947.159973 920.419983 870.059998 923.530029 927.090027
490 945.500000 962.260010 947.669983 905.859985 961.090027 954.159973
491 935.400024 997.969971 1007.580017 882.130005 933.940002 916.289978
492 961.130005 984.840027 916.119995 866.289978 920.940002 987.950012
493 1030.229980 956.799988 948.570007 875.690002 939.130005 950.190002
494 926.669983 984.239990 949.640015 917.099976 992.000000 986.559998
495 956.239990 986.489990 920.799988 933.059998 929.940002 940.330017
496 1018.159973 947.309998 959.070007 882.820007 923.919983 916.640015
497 932.580017 952.000000 946.190002 870.719971 998.919983 926.010010
498 946.210022 990.840027 986.270020 924.919983 923.919983 943.900024
499 957.340027 954.770020 921.219971 916.099976 985.559998 922.130005
500 961.969971 948.719971 915.530029 892.119995 984.919983 965.729980
501 942.789978 950.690002 920.549988 916.090027 998.010010 912.440002
502 950.640015 948.169983 915.830017 890.169983 927.289978 997.409973
503 946.159973 929.349976 976.429993 942.380005 921.929993 914.190002
504 973.770020 952.000000 915.859985 874.270020 921.289978 946.159973
505 949.039978 919.880005 914.760010 874.890015 927.349976 927.099976
506 954.789978 951.099976 922.909973 881.020020 961.119995 975.780029
507 938.039978 963.390015 1008.940002 918.059998 964.049988 917.349976
508 927.669983 951.309998 958.020020 938.909973 943.710022 944.599976
509 919.619995 950.479980 953.909973 902.239990 935.690002 928.539978
510 959.380005 939.820007 1001.369995 887.320007 957.419983 915.880005
511 946.859985 927.950012 955.599976 915.700012 954.460022 976.380005
512 951.700012 946.950012 972.409973 913.229980 996.580017 965.239990
513 961.210022 944.570007 949.340027 936.070007 969.719971 919.340027
514 920.119995 927.739990 955.780029 852.000000 961.299988 952.979980
515 920.210022 965.799988 982.289978 928.299988 991.229980 982.609985
516 944.510010 968.239990 957.049988 917.809998 929.099976 962.880005
517 961.989990 962.559998 953.729980 904.570007 977.969971 944.059998
518 950.809998 918.789978 915.659973 864.349976 974.609985 987.929993
519 932.010010 950.570007 1014.219971 905.750000 950.940002 918.239990
520 918.830017 919.419983 920.880005 854.489990 920.989990 919.349976
521 952.840027 993.469971 949.039978 860.369995 919.869995 912.559998
522 919.000000 923.260010 945.960022 869.869995 952.349976 916.609985
523 938.679993 974.909973 945.950012 849.590027 920.760010 912.729980
524 1008.030029 975.549988 921.409973 911.090027 927.330017 937.429993
525 952.650024 980.469971 969.650024 964.429993 1049.180054 1045.750000
526 1046.719971 1029.510010 1009.950012 941.059998 1012.030029 1073.489990
527 1068.359985 1069.599976 984.320007 944.479980 1021.849976 1016.099976
528 924.159973 960.179993 918.340027 862.890015 920.750000 912.489990
529 923.710022 953.409973 948.369995 863.270020 921.010010 912.809998
530 924.380005 934.030029 915.239990 890.190002 920.219971 915.929993
531 962.280029 954.559998 932.760010 925.380005 934.549988 953.000000
532 920.030029 919.719971 929.440002 880.349976 929.570007 968.359985
533 928.270020 983.070007 921.690002 849.650024 934.570007 912.409973
534 921.140015 924.380005 916.080017 925.729980 951.250000 915.390015
535 920.479980 931.039978 969.469971 905.580017 953.909973 944.039978
536 935.719971 921.169983 946.979980 850.349976 967.409973 939.750000
537 919.940002 916.880005 944.849976 852.820007 921.320007 914.039978
538 986.200012 918.210022 915.859985 889.619995 921.659973 915.390015
539 919.859985 926.979980 921.719971 842.909973 920.549988 911.799988
540 950.919983 917.419983 959.700012 847.880005 951.599976 910.630005
541 950.590027 959.039978 946.020020 858.500000 952.020020 912.679993
542 954.340027 935.590027 945.409973 891.169983 919.539978 911.299988
543 918.599976 917.590027 967.419983 841.299988 922.059998 909.830017
544 935.229980 959.179993 915.869995 875.390015 967.130005 912.659973
545 919.650024 919.840027 915.200012 880.239990 923.049988 924.440002
546 952.400024 956.989990 924.409973 911.609985 919.940002 922.270020
547 920.909973 947.729980 974.440002 883.299988 919.590027 922.809998
548 918.890015 958.520020 947.239990 841.950012 950.729980 911.070007
549 929.760010 972.320007 931.320007 878.989990 920.969971 944.770020
550 944.539978 970.710022 946.780029 883.200012 941.590027 917.489990
551 997.590027 940.919983 1017.309998 869.429993 987.719971 951.840027
552 962.239990 961.479980 919.289978 924.369995 982.830017 916.140015
553 919.700012 947.270020 987.500000 872.919983 919.559998 938.369995
554 925.200012 921.630005 925.400024 885.760010 959.320007 917.840027
555 952.489990 927.099976 948.179993 896.700012 931.349976 952.940002
556 958.440002 958.580017 922.320007 912.590027 1031.329956 922.909973
557 960.530029 949.520020 964.330017 852.419983 961.229980 949.000000
558 982.950012 961.690002 946.830017 888.270020 918.400024 940.289978
559 959.000000 999.710022 971.440002 907.570007 943.469971 938.440002
560 968.549988 947.830017 978.320007 896.039978 967.700012 922.140015
561 967.000000 998.739990 979.239990 890.679993 973.010010 944.929993
562 988.590027 973.260010 964.450012 870.580017 980.270020 918.640015
563 918.690002 915.549988 973.659973 848.609985 956.090027 944.429993
564 941.450012 958.250000 922.929993 907.260010 951.090027 911.200012
565 946.549988 953.520020 1002.799988 856.520020 951.830017 951.419983
566 955.479980 960.580017 947.229980 833.880005 964.140015 993.989990
567 972.510010 957.380005 916.090027 871.960022 921.559998 943.719971
568 990.450012 938.059998 914.969971 876.460022 1030.709961 987.659973
569 958.150024 922.570007 983.760010 903.789978 957.909973 912.090027
570 922.280029 948.349976 923.159973 866.250000 932.280029 928.049988
571 960.270020 955.619995 977.869995 871.549988 940.580017 908.219971
572 916.739990 945.539978 944.049988 895.710022 917.830017 904.849976
573 916.359985 945.969971 912.359985 865.479980 947.020020 909.950012
574 918.789978 950.500000 944.489990 888.460022 926.950012 907.090027
575 946.989990 913.270020 1012.890015 828.679993 915.030029 905.690002
576 945.640015 952.349976 937.700012 860.159973 967.539978 927.429993
577 930.429993 947.010010 973.849976 837.320007 921.229980 909.580017
578 948.599976 942.700012 973.979980 865.479980 914.719971 968.010010
579 915.559998 922.219971 919.369995 901.080017 920.469971 912.059998
580 921.450012 919.450012 977.909973 878.609985 979.859985 943.400024
581 945.640015 940.989990 984.090027 880.909973 945.030029 955.400024
582 955.169983 915.330017 930.119995 862.869995 991.859985 933.440002
583 972.780029 923.770020 940.700012 941.500000 970.369995 985.900024
584 1036.310059 1020.960022 1008.130005 956.130005 1021.570007 920.710022
585 1003.169983 1016.739990 977.080017 946.250000 1046.170044 1047.719971
586 975.169983 945.849976 961.559998 826.090027 938.169983 937.770020
587 916.609985 972.409973 905.780029 866.460022 943.630005 931.580017
588 941.229980 908.340027 956.859985 890.599976 908.080017 900.359985
589 913.059998 927.130005 957.989990 843.080017 944.530029 970.640015
590 983.200012 950.390015 936.700012 832.799988 975.030029 925.000000
591 974.750000 911.580017 967.489990 882.109985 945.590027 920.599976
592 974.710022 957.880005 932.809998 881.809998 907.210022 900.330017
593 950.460022 931.729980 903.299988 824.489990 916.010010 899.979980
594 950.109985 905.210022 898.599976 862.849976 940.390015 910.179993
595 902.270020 909.869995 896.090027 888.929993 924.119995 958.799988
596 904.940002 944.859985 895.679993 860.150024 902.140015 889.619995
597 901.739990 935.280029 926.250000 857.190002 911.359985 889.539978
598 937.210022 952.369995 942.460022 862.460022 902.039978 889.520020
599 899.229980 900.590027 934.859985 832.419983 952.400024 933.409973
600 1001.950012 970.719971 1022.830017 934.270020 1001.489990 914.780029
601 932.400024 936.809998 913.809998 858.090027 899.729980 886.780029
602 898.020020 930.359985 923.239990 864.340027 923.549988 888.169983
603 961.280029 905.919983 884.840027 830.119995 894.640015 926.780029
604 924.039978 938.840027 1001.049988 838.799988 950.750000 973.799988
605 965.539978 1020.049988 932.710022 830.630005 923.940002 880.489990
606 920.520020 890.919983 921.270020 855.659973 895.280029 885.270020
607 968.030029 916.580017 911.179993 832.440002 920.299988 929.159973
608 913.820007 927.909973 881.570007 862.979980 910.020020 882.070007
609 917.489990 918.219971 891.900024 836.840027 889.520020 904.460022
610 909.580017 929.940002 891.539978 860.099976 888.260010 874.940002
611 894.539978 883.760010 884.239990 887.739990 917.479980 876.000000
612 895.099976 913.200012 876.650024 885.299988 883.640015 900.940002
613 889.570007 917.000000 874.940002 850.619995 881.559998 931.429993
614 879.030029 927.030029 915.320007 878.619995 881.460022 868.710022
615 941.500000 930.380005 939.320007 848.219971 882.520020 879.979980
616 954.390015 874.109985 868.890015 835.840027 872.669983 911.650024
617 903.030029 919.969971 874.390015 870.830017 880.369995 875.150024
618 880.900024 880.190002 906.239990 876.039978 937.190002 879.340027
619 868.619995 866.239990 920.880005 825.510010 891.010010 893.799988
620 930.630005 914.270020 906.150024 871.520020 865.090027 860.429993
621 942.340027 910.580017 879.489990 843.710022 952.219971 898.960022
622 890.020020 859.789978 895.380005 867.020020 899.280029 938.460022
623 868.450012 878.099976 881.229980 851.989990 889.349976 855.690002
624 892.979980 874.919983 907.760010 850.619995 902.070007 935.549988
625 902.489990 924.190002 916.400024 838.900024 926.510010 863.830017
626 879.450012 905.900024 917.650024 826.119995 892.450012 868.799988
627 920.719971 886.650024 871.320007 868.809998 859.609985 846.599976
628 852.270020 881.719971 876.549988 890.890015 909.679993 846.859985
629 850.429993 857.260010 877.880005 838.440002 857.330017 899.520020
630 854.969971 871.250000 876.640015 855.479980 913.099976 875.340027
631 878.359985 845.929993 848.169983 933.890015 845.280029 842.900024
632 845.390015 861.450012 883.659973 896.710022 938.869995 892.770020
633 867.580017 883.609985 872.619995 892.210022 864.559998 897.659973
634 910.000000 870.140015 904.229980 872.030029 920.940002 840.979980
635 871.669983 846.669983 833.830017 822.650024 868.849976 864.380005
636 841.609985 900.179993 875.700012 844.630005 840.919983 845.440002
637 909.280029 863.840027 862.690002 857.239990 871.070007 861.200012
638 864.320007 881.000000 869.030029 849.510010 884.900024 884.849976
639 870.830017 885.460022 841.809998 824.289978 865.799988 908.280029
640 856.979980 872.359985 857.000000 850.270020 867.590027 860.340027
641 860.150024 826.179993 889.369995 850.880005 831.609985 882.409973
642 851.830017 826.260010 846.609985 860.429993 863.090027 874.039978
643 929.960022 890.460022 850.260010 934.590027 890.409973 950.599976
644 892.179993 957.070007 924.700012 909.460022 904.630005 927.950012
645 916.179993 896.719971 876.919983 878.900024 869.140015 868.140015
646 893.260010 912.280029 911.190002 841.669983 836.890015 853.979980
647 864.200012 852.260010 883.900024 807.380005 905.250000 872.479980
648 856.119995 850.000000 817.140015 867.330017 850.289978 880.349976
649 851.270020 880.369995 893.969971 902.760010 852.349976 824.950012
650 841.140015 889.599976 818.659973 840.450012 849.919983 844.489990
651 820.239990 816.440002 855.719971 867.469971 848.229980 875.830017
652 879.190002 860.099976 840.059998 830.229980 874.419983 843.099976
653 823.679993 858.380005 869.859985 845.099976 894.390015 852.729980
654 826.770020 813.090027 870.450012 818.460022 828.729980 836.210022
655 826.640015 843.440002 843.020020 899.849976 827.780029 846.309998
656 846.340027 869.549988 863.099976 846.630005 860.940002 864.719971
657 843.510010 819.700012 814.909973 867.130005 847.049988 846.780029
658 821.270020 822.960022 811.940002 836.909973 851.799988 865.289978
659 869.900024 890.330017 825.630005 832.320007 921.570007 860.429993
660 842.909973 848.900024 862.469971 829.500000 831.159973 835.200012
661 856.710022 851.830017 895.119995 825.349976 805.599976 874.640015
662 805.020020 897.090027 809.320007 795.549988 844.869995 872.140015
663 865.840027 831.080017 819.210022 816.770020 838.099976 815.750000
664 812.539978 803.280029 857.789978 836.830017 841.640015 799.169983
665 880.979980 849.369995 836.210022 881.820007 835.760010 894.479980
666 834.179993 858.210022 830.469971 801.590027 849.559998 837.080017
667 854.859985 840.820007 845.880005 856.010010 841.039978 853.530029
668 889.719971 886.669983 881.880005 840.400024 844.989990 824.289978
669 887.369995 828.320007 875.520020 830.219971 799.859985 829.559998
670 823.679993 810.739990 807.849976 831.159973 864.969971 829.289978
671 801.960022 809.750000 791.309998 805.609985 831.409973 828.130005
672 833.859985 799.239990 796.479980 840.359985 865.429993 831.130005
673 841.349976 801.090027 823.520020 878.609985 796.809998 829.190002
674 836.640015 797.599976 824.840027 830.450012 799.239990 797.150024
675 814.020020 828.309998 795.099976 835.719971 843.390015 818.150024
676 825.359985 796.890015 795.619995 795.950012 797.320007 794.780029
677 803.080017 832.210022 796.140015 862.479980 864.099976 808.590027
678 813.799988 795.500000 825.909973 840.179993 796.330017 821.270020
679 848.390015 850.799988 799.739990 793.179993 814.840027 836.409973
680 803.590027 826.989990 789.320007 800.239990 796.030029 826.369995
681 803.070007 822.419983 792.080017 799.609985 795.780029 794.400024
682 834.030029 838.979980 791.679993 803.210022 795.880005 816.299988
683 830.159973 824.750000 820.719971 809.010010 797.070007 826.789978
684 857.039978 798.580017 815.429993 810.159973 826.440002 790.500000
685 833.710022 797.210022 796.059998 803.630005 827.650024 842.059998
686 818.010010 848.909973 852.380005 867.150024 827.090027 889.349976
687 839.890015 879.219971 882.330017 828.890015 795.260010 822.780029
688 810.020020 834.669983 799.020020 838.359985 792.880005 788.890015
689 796.219971 795.880005 816.039978 832.400024 795.510010 821.929993
690 855.599976 831.309998 817.880005 796.309998 837.549988 805.750000
691 796.289978 825.559998 803.409973 825.219971 796.630005 789.630005
692 795.500000 809.510010 826.359985 820.250000 793.940002 788.280029
693 826.570007 792.049988 818.080017 799.010010 814.099976 833.820007
694 796.789978 794.960022 819.450012 820.880005 793.090027 794.609985
695 860.750000 812.460022 795.130005 877.440002 853.599976 858.909973
696 835.400024 857.169983 790.140015 821.770020 829.510010 812.419983
697 841.530029 831.979980 891.559998 862.760010 832.940002 807.570007
698 799.309998 796.750000 810.150024 847.820007 797.770020 815.080017
699 827.049988 864.130005 850.059998 836.419983 829.940002 828.869995
700 885.830017 844.840027 791.929993 821.700012 804.630005 823.700012
701 844.010010 802.849976 830.739990 811.489990 809.340027 792.590027
702 830.229980 835.820007 791.690002 820.979980 798.159973 854.460022
703 836.869995 846.640015 840.179993 828.909973 841.250000 824.799988
704 800.989990 841.580017 823.489990 850.080017 829.590027 836.479980
705 843.239990 858.099976 827.280029 800.609985 829.809998 826.630005
706 801.460022 813.799988 830.140015 858.599976 810.659973 793.219971
707 798.369995 802.799988 822.039978 856.809998 858.229980 842.369995
708 841.909973 822.729980 886.770020 890.799988 865.780029 864.159973
709 842.929993 869.559998 872.789978 858.929993 906.780029 876.309998
710 915.099976 889.510010 866.869995 921.679993 935.390015 918.890015
711 871.309998 866.010010 862.130005 863.729980 794.450012 787.409973
712 794.880005 797.059998 819.250000 826.849976 794.270020 851.020020
713 798.549988 807.929993 821.929993 815.960022 795.309998 790.909973
714 819.780029 801.630005 790.000000 843.150024 793.169983 790.109985
715 817.739990 817.260010 822.250000 786.780029 824.109985 791.250000
716 796.210022 791.510010 814.840027 805.820007 804.369995 827.119995
717 883.880005 798.500000 836.929993 866.150024 824.429993 812.469971
718 801.390015 822.780029 787.140015 811.380005 792.750000 816.909973
719 799.070007 847.820007 813.460022 828.219971 829.000000 820.179993
720 822.770020 828.479980 797.380005 789.219971 822.059998 817.609985
721 805.719971 812.539978 803.409973 830.770020 812.880005 801.979980
722 811.000000 832.140015 916.419983 997.340027 974.239990 981.330017
723 939.460022 953.030029 984.979980 975.539978 985.140015 946.380005
724 824.380005 820.369995 801.650024 858.549988 856.919983 828.679993
725 811.369995 803.190002 801.239990 815.280029 829.859985 822.780029
726 809.940002 808.349976 811.020020 829.739990 828.950012 809.419983
727 813.599976 845.200012 811.510010 819.080017 816.049988 810.770020
728 815.169983 813.479980 869.919983 817.900024 825.950012 808.849976
729 810.169983 838.489990 816.250000 831.090027 815.429993 812.650024
730 812.380005 896.130005 924.119995 859.469971 843.320007 856.239990
731 837.859985 824.880005 817.530029 814.989990 904.030029 811.530029
732 879.450012 823.960022 817.020020 811.179993 804.700012 795.789978
733 824.830017 817.260010 800.400024 801.940002 810.950012 818.729980
734 811.049988 806.150024 851.710022 824.219971 810.609985 903.450012
735 888.770020 934.510010 925.059998 854.549988 855.710022 950.340027
736 988.750000 862.859985 847.179993 893.580017 921.460022 867.059998
737 858.659973 842.650024 834.960022 825.429993 844.619995 852.700012
738 824.950012 893.349976 848.239990 825.380005 863.250000 897.450012
739 886.479980 922.119995 831.479980 810.859985 838.849976 796.030029
740 827.619995 844.400024 806.299988 829.020020 848.700012 857.210022
741 793.690002 841.530029 817.109985 824.650024 823.869995 853.299988
742 851.239990 814.989990 857.250000 812.679993 791.969971 849.030029
743 826.539978 872.820007 835.369995 787.789978 873.419983 817.559998
744 826.559998 835.150024 785.890015 847.719971 802.919983 787.320007
745 825.710022 824.869995 815.049988 799.260010 858.059998 802.989990
746 852.229980 830.409973 786.650024 772.979980 823.340027 842.280029
747 803.799988 832.590027 825.260010 803.219971 791.169983 785.260010
748 826.340027 825.919983 793.510010 892.049988 842.940002 822.130005
749 825.099976 905.880005 847.520020 815.789978 893.059998 850.650024
750 795.330017 835.340027 812.349976 803.020020 885.919983 852.559998
751 825.239990 855.700012 847.549988 811.369995 811.190002 805.849976
752 869.549988 864.890015 830.390015 842.190002 812.590027 872.159973
753 889.409973 847.719971 823.830017 787.729980 838.020020 841.349976
754 802.640015 818.950012 816.429993 816.429993 835.179993 858.419983
755 879.299988 905.010010 883.890015 877.039978 869.869995 918.200012
756 890.679993 919.809998 895.450012 903.960022 902.700012 870.900024
757 890.880005 790.119995 850.380005 809.109985 820.119995 807.830017
758 843.950012 827.739990 791.320007 803.599976 792.330017 833.630005
759 793.169983 815.690002 790.770020 801.590027 843.650024 812.520020
760 796.200012 859.729980 790.200012 794.570007 791.289978 813.549988
761 823.419983 793.989990 785.520020 773.559998 792.429993 785.380005
762 793.150024 793.690002 821.140015 816.059998 841.489990 819.770020
763 791.880005 793.770020 786.119995 777.159973 809.840027 828.669983
764 795.099976 793.239990 798.460022 778.950012 851.109985 878.020020
765 920.219971 889.419983 824.070007 852.909973 892.869995 930.979980
766 995.380005 892.099976 873.000000 867.289978 870.760010 893.599976
767 920.270020 842.849976 894.820007 897.150024 888.950012 817.400024
768 796.039978 861.359985 877.200012 888.450012 881.479980 835.869995
769 952.099976 867.039978 873.460022 853.090027 891.330017 914.919983
770 904.489990 823.229980 823.440002 809.580017 791.710022 785.780029
771 821.409973 861.940002 849.820007 874.200012 848.539978 845.140015
772 869.909973 853.090027 816.650024 812.739990 812.159973 863.530029
773 872.719971 832.289978 878.809998 877.580017 848.789978 831.630005
774 817.840027 793.419983 790.010010 834.010010 829.260010 914.729980
775 895.719971 914.700012 879.789978 919.809998 909.989990 912.770020
776 874.340027 834.739990 840.390015 885.409973 916.669983 928.390015
777 925.239990 920.630005 904.719971 944.780029 901.429993 885.909973
778 911.460022 911.380005 891.119995 873.039978 826.789978 875.809998
779 894.229980 912.859985 890.320007 795.650024 814.159973 870.280029
780 879.219971 867.369995 835.640015 774.359985 814.520020 856.520020
781 890.789978 929.429993 918.239990 895.280029 873.700012 889.559998
782 890.330017 901.599976 899.200012 872.539978 836.820007 808.539978
783 842.109985 836.969971 831.919983 772.479980 803.650024 789.190002
784 806.710022 850.210022 800.510010 814.270020 822.950012 783.260010
785 800.770020 830.030029 868.440002 857.739990 860.809998 850.739990
786 881.969971 895.200012 906.650024 846.909973 805.030029 818.479980
787 816.119995 834.030029 786.130005 783.909973 793.669983 824.000000
788 818.700012 881.380005 839.020020 921.690002 864.440002 847.760010
789 886.559998 905.840027 849.650024 851.539978 854.200012 880.429993
790 892.090027 885.880005 868.070007 796.520020 792.890015 815.229980
791 792.650024 837.989990 841.330017 834.989990 882.130005 907.210022
792 866.690002 917.390015 894.479980 840.929993 866.539978 957.700012
793 898.739990 839.729980 835.599976 814.159973 815.900024 814.609985
794 892.969971 823.500000 824.609985 829.400024 823.349976 783.630005
795 795.940002 881.239990 891.460022 909.599976 914.020020 831.270020
796 824.900024 800.659973 817.330017 881.890015 922.570007 872.159973
797 888.739990 945.820007 832.809998 890.429993 837.890015 832.390015
798 867.489990 904.640015 869.409973 890.210022 866.489990 854.659973
799 887.469971 853.130005 878.789978 861.020020 820.289978 815.630005
800 828.469971 823.400024 784.609985 773.020020 801.760010 798.799988
801 907.400024 875.119995 816.250000 790.289978 814.780029 793.950012
802 820.960022 839.630005 799.190002 793.830017 792.250000 783.659973
803 805.729980 795.640015 786.179993 790.359985 823.179993 820.770020
804 815.270020 798.609985 817.179993 765.150024 791.469971 834.330017
805 823.429993 807.940002 813.820007 762.640015 810.719971 797.549988
806 792.619995 791.530029 805.780029 784.530029 822.010010 783.559998
807 795.200012 791.859985 797.719971 781.969971 844.450012 813.260010
808 792.450012 791.140015 786.159973 770.820007 791.469971 784.109985
809 793.059998 792.369995 828.039978 784.479980 791.270020 814.849976
810 819.900024 792.270020 815.590027 812.080017 792.419983 784.900024
811 792.890015 804.880005 819.840027 771.330017 823.049988 784.309998
812 805.440002 808.239990 798.270020 795.630005 820.929993 925.059998
813 882.989990 815.539978 858.250000 842.270020 845.510010 829.239990
814 817.289978 796.940002 847.849976 785.609985 798.799988 824.090027
815 821.000000 842.570007 876.289978 865.820007 843.030029 852.919983
816 942.429993 887.000000 829.530029 841.429993 848.349976 895.640015
817 900.260010 856.919983 868.239990 826.659973 873.080017 841.659973
818 848.039978 831.809998 907.039978 827.390015 864.450012 899.409973
819 853.210022 871.080017 869.239990 865.380005 815.919983 832.119995
820 834.330017 847.520020 820.929993 798.919983 831.780029 812.020020
821 820.840027 815.219971 800.520020 794.010010 829.599976 829.719971
822 821.099976 806.479980 873.219971 812.359985 842.099976 803.570007
823 826.340027 874.570007 825.799988 789.609985 833.830017 806.909973
824 886.200012 819.330017 827.320007 808.570007 815.299988 813.489990
825 825.630005 820.000000 795.049988 795.479980 856.140015 811.869995
826 828.979980 820.039978 822.109985 815.710022 824.460022 802.719971
827 827.159973 804.469971 785.979980 819.719971 823.729980 878.830017
828 792.580017 824.400024 818.239990 794.210022 797.239990 805.099976
829 836.320007 798.320007 866.000000 822.640015 821.929993 788.109985
830 801.099976 848.000000 820.419983 785.440002 795.640015 785.530029
831 829.239990 795.989990 811.380005 756.039978 831.510010 783.919983
832 792.469971 789.179993 796.919983 761.500000 793.989990 856.020020
833 792.479980 839.450012 811.000000 806.739990 858.609985 846.349976
834 826.739990 875.219971 901.109985 890.059998 911.869995 894.830017
835 912.599976 857.090027 922.239990 763.440002 810.809998 848.729980
836 885.510010 839.409973 885.179993 894.140015 920.179993 824.559998
837 797.169983 806.820007 803.270020 782.789978 792.719971 784.260010
838 821.900024 817.330017 787.320007 756.270020 795.590027 839.340027
839 837.429993 815.640015 824.090027 790.820007 850.020020 808.039978
840 792.460022 791.799988 787.419983 751.869995 819.169983 830.909973
841 802.190002 820.780029 792.849976 758.250000 799.780029 804.229980
842 814.960022 811.789978 811.020020 773.979980 795.799988 787.960022
843 826.219971 816.150024 879.940002 788.130005 817.400024 818.140015
844 831.840027 835.950012 839.859985 775.520020 816.479980 820.559998
845 844.890015 842.549988 836.719971 768.010010 830.270020 827.140015
846 855.650024 838.409973 814.570007 769.179993 800.650024 803.760010
847 827.179993 819.250000 823.260010 786.400024 813.080017 789.210022
848 796.729980 848.450012 808.729980 777.130005 821.000000 815.109985
849 850.559998 796.969971 822.219971 814.309998 825.789978 792.750000
850 822.719971 789.340027 821.080017 793.090027 823.000000 784.250000
851 791.059998 817.710022 800.729980 759.000000 791.390015 838.830017
852 819.010010 819.909973 851.210022 793.479980 791.390015 784.020020
853 821.840027 788.820007 789.799988 751.010010 803.080017 801.710022
854 790.739990 790.200012 793.929993 787.989990 791.739990 783.320007
855 813.039978 801.890015 786.820007 793.900024 792.739990 798.190002
856 791.320007 813.169983 791.599976 756.750000 825.039978 787.729980
857 816.679993 873.039978 798.599976 795.049988 801.820007 816.820007
858 823.280029 792.039978 817.549988 773.010010 845.929993 800.549988
859 791.650024 821.520020 818.270020 756.919983 826.010010 814.979980
860 854.599976 814.969971 799.530029 785.770020 797.760010 784.719971
861 822.539978 789.309998 868.909973 765.549988 832.869995 821.960022
862 821.630005 797.270020 785.520020 838.380005 794.270020 814.960022
863 822.320007 791.789978 786.419983 778.640015 819.530029 843.690002
864 801.539978 791.840027 785.460022 777.409973 795.219971 817.049988
865 791.299988 791.869995 786.070007 789.070007 805.140015 786.700012
866 792.570007 791.780029 816.780029 767.020020 812.659973 816.429993
867 831.239990 791.460022 786.489990 781.359985 791.299988 785.890015
868 799.109985 835.159973 786.809998 771.640015 826.619995 844.400024
869 815.450012 838.150024 788.349976 769.179993 828.340027 784.359985
870 800.260010 796.380005 793.169983 769.849976 822.979980 787.510010
871 802.950012 791.179993 820.880005 749.880005 792.919983 801.659973
872 795.210022 852.580017 824.659973 767.059998 819.349976 784.390015
873 791.419983 811.450012 785.869995 739.909973 824.940002 791.830017
874 823.969971 790.820007 786.260010 764.940002 825.500000 783.200012
875 790.809998 820.059998 793.000000 796.929993 815.469971 841.359985
876 854.559998 822.409973 849.000000 783.929993 791.340027 814.489990
877 841.049988 791.340027 821.760010 774.219971 797.989990 792.880005
878 808.690002 804.760010 805.630005 757.320007 819.539978 794.659973
879 802.739990 814.549988 805.710022 839.059998 814.830017 802.239990
880 819.719971 814.140015 810.710022 809.330017 834.729980 823.840027
881 816.369995 817.510010 819.270020 790.190002 816.919983 796.659973
882 805.570007 848.549988 809.960022 766.500000 813.440002 819.869995
883 807.979980 807.820007 804.229980 775.270020 801.710022 807.690002
884 814.950012 809.690002 809.719971 768.659973 818.630005 799.380005
885 803.070007 804.919983 817.229980 765.349976 809.659973 824.510010
886 836.599976 805.409973 800.229980 772.409973 821.260010 812.780029
887 811.080017 800.479980 808.020020 782.669983 801.369995 788.820007
888 808.059998 800.520020 797.520020 762.130005 837.929993 807.590027
889 805.979980 814.989990 808.929993 773.969971 805.340027 803.020020
890 807.469971 815.700012 796.690002 749.270020 822.489990 825.729980
891 809.309998 804.690002 804.080017 754.700012 819.190002 796.460022
892 802.340027 823.979980 913.489990 772.119995 802.070007 795.309998
893 805.070007 804.559998 805.849976 773.479980 809.419983 799.349976
894 807.000000 865.890015 814.640015 751.299988 808.719971 805.460022
895 839.039978 807.950012 795.989990 751.669983 820.549988 819.070007
896 807.530029 811.020020 826.539978 795.809998 822.919983 798.950012
897 808.630005 811.700012 829.289978 832.780029 901.950012 1002.950012
898 981.010010 883.250000 850.349976 773.979980 884.299988 842.909973
899 803.000000 832.109985 860.200012 781.950012 800.400024 836.190002
900 829.090027 850.840027 854.590027 825.099976 886.590027 909.010010
901 942.099976 900.840027 845.640015 862.270020 910.200012 825.059998
902 822.700012 865.530029 873.330017 833.869995 844.469971 894.580017
903 931.669983 880.809998 869.929993 886.950012 812.630005 803.169983
904 863.869995 797.320007 811.619995 789.489990 857.729980 835.549988
905 815.679993 845.280029 787.890015 738.390015 803.599976 803.150024
906 821.059998 810.989990 804.369995 759.830017 795.200012 787.080017
907 824.090027 845.989990 862.150024 815.799988 899.570007 904.299988
908 912.010010 903.900024 907.369995 862.130005 881.799988 873.289978
909 929.700012 868.440002 790.000000 781.090027 869.869995 899.059998
910 896.919983 867.020020 861.520020 801.039978 815.890015 823.390015
911 883.479980 902.710022 862.349976 818.950012 794.109985 813.500000
912 834.169983 788.940002 786.590027 753.140015 832.500000 857.119995
913 816.659973 893.460022 825.500000 831.940002 931.340027 896.299988
914 867.619995 883.099976 867.919983 853.469971 898.869995 880.080017
915 905.099976 919.119995 918.929993 837.580017 840.270020 842.619995
916 826.549988 867.679993 907.549988 875.260010 817.020020 805.900024
917 854.919983 875.260010 896.109985 910.710022 850.200012 800.130005
918 821.309998 821.039978 785.409973 754.590027 789.450012 802.270020
919 815.909973 811.000000 839.349976 905.929993 912.320007 832.260010
920 828.099976 901.849976 874.320007 839.229980 870.299988 824.580017
921 791.200012 789.030029 786.229980 789.539978 830.570007 812.630005
922 804.979980 833.280029 799.450012 768.369995 807.059998 811.739990
923 796.409973 823.299988 833.650024 742.320007 790.250000 781.890015
924 822.330017 787.640015 788.059998 746.000000 790.039978 784.549988
925 804.260010 830.049988 943.580017 903.119995 898.369995 915.330017
926 937.940002 851.849976 790.219971 753.200012 851.919983 800.630005
927 846.729980 918.270020 892.840027 806.750000 842.770020 808.039978
928 791.960022 812.179993 785.460022 748.210022 818.890015 832.830017
929 879.400024 819.409973 898.460022 852.859985 877.119995 810.789978
930 817.900024 817.229980 845.479980 767.619995 827.609985 819.340027
931 860.859985 861.309998 815.140015 765.039978 790.719971 783.309998
932 790.619995 788.669983 862.020020 829.109985 895.280029 920.849976
933 897.349976 905.630005 910.320007 851.969971 930.570007 906.349976
934 873.809998 825.549988 945.130005 893.210022 913.750000 902.250000
935 901.049988 890.020020 899.289978 768.479980 980.979980 981.349976
936 926.710022 869.359985 815.979980 760.260010 837.590027 958.090027
937 913.429993 912.210022 862.890015 816.489990 823.679993 795.119995
938 853.510010 795.020020 790.109985 769.690002 840.280029 871.890015
939 860.520020 836.000000 788.929993 791.280029 866.150024 850.650024
940 864.409973 833.690002 855.659973 786.349976 863.900024 810.239990
941 805.919983 864.289978 821.280029 732.229980 789.609985 822.770020
942 826.830017 839.400024 825.010010 803.150024 822.380005 782.840027
943 791.250000 790.969971 817.479980 750.929993 853.219971 782.419983
944 789.700012 790.890015 794.250000 763.669983 802.650024 782.099976
945 790.320007 790.219971 836.559998 735.429993 790.169983 813.340027
946 821.030029 790.039978 815.559998 746.679993 790.289978 789.989990
947 853.690002 789.090027 786.140015 742.010010 789.900024 782.380005
948 859.599976 821.719971 785.130005 723.229980 816.729980 784.119995
949 791.119995 789.270020 822.599976 749.809998 821.650024 783.570007
950 807.700012 789.619995 814.469971 738.979980 853.190002 804.140015
951 797.429993 787.809998 802.799988 735.260010 822.390015 861.359985
952 792.510010 798.200012 817.130005 721.280029 789.200012 847.270020
953 820.859985 798.570007 785.359985 731.830017 790.400024 823.010010
954 841.840027 801.469971 790.280029 756.979980 789.719971 811.429993
955 819.799988 787.900024 819.580017 766.669983 818.929993 822.309998
956 856.900024 859.570007 808.109985 838.039978 875.130005 809.059998
957 848.650024 932.109985 882.039978 926.000000 977.869995 982.700012
958 908.909973 919.969971 917.630005 977.340027 932.510010 840.359985
959 810.229980 812.429993 814.190002 788.580017 839.250000 803.719971
960 819.549988 845.320007 869.700012 756.260010 808.020020 848.789978
961 790.890015 820.859985 813.549988 774.489990 835.789978 818.289978
962 849.479980 843.859985 859.440002 806.570007 927.479980 881.270020
963 923.659973 864.650024 899.669983 774.909973 901.369995 913.210022
964 891.940002 922.309998 940.750000 735.059998 838.549988 853.669983
965 934.679993 889.539978 792.900024 744.440002 790.979980 823.919983
966 855.640015 795.119995 787.340027 744.080017 824.700012 813.760010
967 790.140015 809.489990 820.119995 776.479980 847.400024 796.109985
968 793.679993 872.080017 810.690002 729.989990 790.780029 830.030029
969 827.890015 821.760010 786.690002 741.330017 805.289978 797.919983
970 789.570007 789.070007 785.869995 728.380005 790.130005 787.150024
971 791.679993 819.280029 788.659973 781.349976 792.489990 847.690002
972 812.460022 791.400024 786.159973 744.460022 789.609985 786.090027
973 823.460022 834.500000 828.919983 735.039978 829.469971 799.179993
974 804.390015 826.710022 817.969971 713.520020 820.099976 784.840027
975 820.369995 797.049988 785.789978 715.450012 789.409973 794.250000
976 798.640015 863.969971 792.580017 722.599976 821.830017 799.090027
977 838.349976 844.919983 837.219971 741.369995 810.659973 849.849976
978 866.419983 835.520020 813.219971 789.630005 829.650024 819.169983
979 796.080017 877.679993 865.940002 866.890015 892.590027 894.200012
980 905.780029 868.849976 857.609985 808.559998 819.989990 910.030029
981 914.119995 882.570007 878.679993 769.250000 804.020020 826.159973
982 945.150024 919.219971 876.789978 853.559998 903.919983 903.530029
983 875.690002 861.049988 870.440002 802.169983 865.440002 826.000000
984 917.510010 881.099976 801.140015 725.909973 793.549988 812.380005
985 805.799988 827.599976 797.280029 729.890015 804.219971 792.609985
986 818.919983 796.349976 785.880005 749.609985 823.590027 783.049988
987 800.239990 838.239990 807.210022 729.309998 800.239990 790.409973
988 815.840027 794.739990 870.909973 717.390015 789.150024 783.080017
989 818.739990 814.849976 784.909973 729.320007 790.940002 783.809998
990 788.010010 854.650024 786.479980 725.359985 810.140015 815.119995
991 788.770020 795.179993 786.940002 725.929993 821.979980 784.239990
992 788.289978 795.690002 813.190002 738.619995 789.580017 782.659973
993 823.020020 789.289978 810.840027 762.210022 866.000000 835.150024
994 821.469971 869.369995 817.409973 789.090027 879.859985 856.719971
995 842.609985 788.289978 857.440002 729.869995 859.640015 809.469971
996 789.119995 860.349976 854.450012 732.419983 821.820007 827.840027
997 791.710022 797.479980 787.609985 717.099976 811.530029 788.929993
998 797.679993 830.859985 792.369995 762.690002 823.760010 821.380005
999 825.580017 801.880005 803.070007 789.690002 806.599976 816.500000
1000 793.789978 821.890015 788.739990 752.739990 791.739990 815.390015
