1 1140.030029 1146.770020 1103.469971 358.730011 1202.880005 1185.239990
2 1118.949951 1147.380005 1087.180054 356.859985 1152.650024 1080.770020
3 1023.530029 1034.430054 1070.949951 324.640015 1001.580017 936.229980
4 982.359985 1064.119995 936.309998 328.850006 1008.219971 954.270020
5 860.900024 832.619995 872.239990 377.589996 870.419983 830.820007
6 799.039978 794.979980 864.000000 355.170013 818.380005 823.729980
7 793.440002 822.469971 854.880005 345.730011 789.190002 882.960022
8 794.669983 812.210022 813.619995 324.239990 817.940002 798.570007
9 762.700012 749.080017 771.690002 360.359985 755.049988 692.469971
10 669.960022 669.469971 720.630005 324.329987 659.260010 678.539978
11 662.010010 675.729980 727.369995 324.529999 692.969971 678.289978
12 686.770020 664.580017 723.280029 324.279999 658.630005 712.330017
13 693.020020 654.890015 775.880005 324.299988 690.419983 708.380005
14 661.820007 690.200012 706.429993 324.410004 669.909973 731.299988
15 723.140015 686.900024 707.609985 324.250000 658.469971 700.559998
16 670.830017 667.440002 704.229980 339.589996 658.669983 710.119995
17 662.119995 679.650024 718.739990 334.690002 737.229980 666.250000
18 680.820007 687.760010 667.900024 328.279999 749.619995 663.309998
19 650.049988 653.570007 616.950012 357.670013 650.710022 587.760010
20 582.450012 568.979980 639.320007 330.880005 567.460022 618.489990
21 572.330017 566.390015 631.719971 327.089996 577.590027 648.700012
22 571.390015 588.989990 601.520020 326.010010 627.219971 590.799988
23 599.500000 562.380005 598.789978 327.959991 563.859985 615.799988
24 566.799988 560.830017 601.710022 351.720001 591.280029 582.770020
25 565.989990 560.830017 631.849976 355.170013 563.929993 618.719971
26 566.859985 592.580017 630.710022 326.140015 576.859985 585.400024
27 574.960022 610.820007 631.200012 352.890015 574.619995 620.679993
28 565.460022 573.150024 628.400024 324.549988 596.559998 585.580017
29 565.659973 560.859985 599.340027 325.790009 564.059998 584.450012
30 565.330017 561.530029 601.330017 344.369995 575.039978 584.599976
31 569.049988 590.080017 606.169983 324.390015 564.260010 587.099976
32 565.539978 560.609985 601.270020 324.450012 565.539978 585.330017
33 564.190002 571.159973 603.969971 325.929993 565.570007 587.059998
34 564.429993 560.690002 598.950012 324.380005 567.369995 618.789978
35 575.739990 625.130005 632.570007 324.679993 654.450012 670.320007
36 650.570007 632.700012 672.020020 335.609985 596.489990 686.900024
37 660.260010 661.059998 644.320007 381.970001 638.690002 603.099976
38 669.780029 634.940002 638.309998 359.779999 653.479980 614.789978
39 556.989990 552.530029 582.820007 352.700012 566.549988 573.429993
40 542.330017 507.790009 544.109985 358.190002 538.869995 531.030029
41 491.220001 486.850006 532.429993 352.920013 518.789978 513.380005
42 517.809998 505.170013 531.969971 325.809998 519.359985 543.789978
43 489.299988 486.890015 519.229980 324.220001 490.290009 509.559998
44 492.250000 489.040009 518.270020 325.529999 514.659973 517.330017
45 489.500000 494.119995 519.590027 324.700012 491.769989 510.279999
46 523.520020 523.159973 521.419983 324.769989 490.790009 509.890015
47 509.339996 496.209991 520.609985 355.929993 493.529999 511.179993
48 488.950012 518.289978 549.119995 357.019989 506.160004 511.820007
49 489.320007 486.429993 521.450012 324.399994 492.529999 539.510010
50 495.609985 518.539978 520.559998 324.309998 490.459991 511.299988
51 489.190002 488.959991 524.390015 324.399994 521.869995 511.910004
52 492.339996 499.820007 520.260010 324.399994 524.530029 521.739990
53 489.579987 498.609985 552.969971 324.339996 490.010010 512.510010
54 489.470001 486.480011 522.309998 324.200012 497.739990 530.409973
55 518.979980 532.090027 561.900024 356.059998 540.200012 534.340027
56 529.979980 501.980011 553.200012 360.500000 542.799988 604.070007
57 498.700012 519.070007 581.609985 356.619995 497.730011 512.590027
58 488.869995 517.929993 543.020020 337.140015 490.399994 513.830017
59 520.510010 486.829987 523.109985 324.640015 496.029999 526.210022
60 489.649994 519.869995 524.140015 356.279999 521.359985 514.989990
61 496.459991 525.080017 549.989990 342.200012 518.989990 570.250000
62 536.929993 535.539978 591.989990 358.480011 531.969971 517.659973
63 491.179993 489.679993 525.809998 324.359985 490.190002 578.289978
64 522.869995 492.529999 528.700012 324.329987 492.910004 522.909973
65 495.220001 520.630005 532.650024 393.119995 521.289978 515.409973
66 489.230011 486.929993 524.580017 327.320007 516.369995 540.270020
67 500.049988 493.709991 525.780029 324.799988 490.700012 565.119995
68 513.809998 508.440002 544.789978 324.230011 492.700012 520.650024
69 553.140015 487.160004 538.989990 325.730011 490.470001 550.580017
70 513.849976 508.859985 550.650024 332.760010 502.089996 538.789978
71 504.040009 494.339996 538.400024 328.209991 513.700012 539.789978
72 551.400024 518.489990 533.500000 331.399994 504.100006 536.719971
73 506.350006 505.519989 545.349976 426.970001 578.090027 589.359985
74 531.260010 639.650024 633.309998 362.209991 523.000000 547.440002
75 511.410004 514.609985 548.270020 365.500000 527.359985 562.859985
76 512.200012 494.750000 559.340027 331.679993 503.970001 541.200012
77 519.450012 510.230011 550.590027 353.440002 526.619995 486.269989
78 465.200012 486.079987 497.260010 353.760010 473.829987 484.829987
79 440.700012 441.600006 497.420013 345.739990 453.450012 476.529999
80 450.470001 438.399994 485.750000 341.179993 442.910004 486.559998
81 460.709991 440.359985 490.320007 397.619995 510.559998 510.200012
82 464.089996 481.649994 532.239990 362.089996 439.640015 477.570007
83 436.609985 444.940002 497.100006 342.149994 439.140015 469.480011
84 437.230011 433.660004 488.709991 335.350006 452.690002 489.540009
85 453.600006 455.170013 470.809998 329.339996 433.589996 463.380005
86 455.029999 436.760010 479.880005 350.000000 436.299988 513.710022
87 439.059998 435.410004 478.350006 337.739990 441.160004 477.500000
88 437.239990 459.660004 465.670013 326.989990 437.140015 474.970001
89 426.100006 433.739990 471.170013 331.260010 443.380005 476.559998
90 441.480011 436.459991 470.760010 333.170013 431.630005 468.880005
91 438.309998 435.459991 556.409973 342.890015 462.970001 527.840027
92 445.470001 481.290009 491.980011 345.709991 446.730011 501.019989
93 441.179993 442.720001 476.070007 372.299988 485.290009 497.350006
94 466.220001 455.910004 496.709991 337.970001 431.989990 482.019989
95 430.260010 431.880005 481.940002 343.209991 442.149994 501.609985
96 429.130005 428.420013 471.519989 335.929993 455.299988 485.410004
97 453.679993 440.429993 533.080017 444.709991 486.500000 479.410004
98 592.940002 584.840027 645.659973 376.250000 478.019989 526.640015
99 462.720001 452.100006 495.260010 347.929993 533.880005 483.239990
100 429.170013 471.149994 534.280029 358.109985 448.000000 486.029999
101 435.559998 435.989990 484.190002 342.769989 468.850006 466.179993
102 424.230011 424.950012 532.359985 367.619995 527.609985 569.619995
103 516.309998 488.040009 567.250000 382.880005 489.910004 541.000000
104 488.750000 428.839996 481.149994 370.559998 436.320007 500.089996
105 436.690002 425.619995 526.719971 324.170013 452.600006 464.440002
106 429.500000 462.440002 538.880005 425.170013 558.380005 523.849976
107 466.500000 429.160004 474.529999 334.390015 422.649994 458.730011
108 423.220001 419.820007 497.929993 324.839996 422.250000 458.290009
109 438.170013 420.179993 496.760010 326.619995 439.510010 473.109985
110 509.559998 452.359985 510.279999 357.649994 425.190002 461.630005
111 453.369995 419.619995 474.420013 324.320007 422.730011 491.089996
112 421.869995 428.730011 471.980011 356.429993 422.459991 462.850006
113 421.619995 421.209991 466.130005 356.429993 423.209991 487.010010
114 427.679993 420.390015 480.380005 344.880005 422.779999 465.959991
115 453.089996 426.779999 487.820007 324.359985 451.359985 464.170013
116 447.299988 425.309998 467.649994 324.369995 422.450012 496.140015
117 485.649994 450.459991 529.869995 356.190002 422.959991 465.410004
118 435.470001 458.160004 474.149994 330.209991 422.489990 494.220001
119 422.179993 450.970001 498.920013 325.489990 422.529999 494.790009
120 421.589996 419.179993 501.109985 324.470001 422.250000 464.269989
121 421.570007 462.220001 469.190002 324.350006 422.880005 464.519989
122 427.690002 429.470001 475.290009 356.970001 423.989990 496.489990
123 422.040009 419.399994 470.720001 324.579987 422.959991 465.239990
124 421.769989 419.230011 471.269989 324.239990 422.880005 465.709991
125 421.899994 448.739990 490.209991 324.559998 453.450012 470.609985
126 435.640015 433.049988 489.049988 365.029999 429.920013 469.500000
127 451.769989 444.760010 511.859985 348.809998 436.929993 500.920013
128 428.779999 483.859985 475.040009 356.329987 454.609985 466.119995
129 420.829987 419.079987 472.029999 336.899994 456.940002 516.700012
130 423.350006 419.329987 531.619995 369.329987 430.369995 466.299988
131 450.630005 419.399994 473.660004 356.269989 422.390015 466.619995
132 421.109985 443.549988 480.350006 324.329987 454.660004 467.450012
133 420.959991 419.200012 473.279999 324.820007 436.880005 468.200012
134 422.510010 450.700012 504.260010 340.799988 423.209991 469.000000
135 422.480011 419.929993 474.079987 324.309998 422.410004 468.019989
136 421.739990 451.359985 474.649994 324.380005 422.660004 468.059998
137 421.959991 419.709991 477.779999 344.149994 437.209991 486.459991
138 431.519989 426.660004 483.510010 330.269989 431.420013 499.190002
139 471.200012 438.119995 502.660004 428.769989 601.109985 633.700012
140 474.829987 498.029999 562.440002 386.119995 501.049988 542.250000
141 472.480011 475.519989 520.559998 350.679993 434.410004 483.899994
142 449.820007 495.339996 478.700012 356.130005 459.500000 534.669983
143 460.649994 427.329987 496.470001 342.279999 458.709991 520.440002
144 492.920013 431.230011 485.000000 345.269989 454.140015 487.309998
145 430.190002 440.890015 522.039978 345.089996 453.779999 500.269989
146 431.880005 431.299988 517.049988 324.480011 422.959991 472.869995
147 435.480011 420.700012 477.489990 325.579987 465.790009 520.349976
148 450.209991 426.660004 539.039978 324.350006 454.570007 528.140015
149 460.440002 486.779999 572.950012 368.390015 433.410004 565.179993
150 424.380005 484.540009 544.210022 359.920013 520.179993 542.010010
151 507.209991 478.980011 518.580017 360.910004 460.769989 554.000000
152 491.440002 486.989990 585.070007 390.829987 486.019989 516.309998
153 457.769989 476.820007 518.880005 385.390015 495.660004 536.929993
154 463.410004 460.799988 531.440002 350.910004 446.679993 523.320007
155 461.850006 421.010010 515.960022 379.540009 459.049988 424.209991
156 383.679993 416.959991 462.529999 329.950012 420.190002 431.200012
157 396.910004 375.829987 428.010010 348.329987 395.910004 416.239990
158 426.559998 370.079987 425.679993 336.790009 380.570007 461.359985
159 387.549988 392.890015 435.480011 331.880005 367.190002 427.920013
160 373.679993 363.630005 425.989990 328.690002 374.959991 432.739990
161 384.790009 371.899994 436.500000 330.279999 383.359985 440.070007
162 374.859985 366.850006 435.309998 328.540009 366.089996 421.410004
163 395.190002 383.559998 428.160004 349.869995 387.369995 418.769989
164 372.529999 364.329987 469.920013 349.339996 367.459991 449.179993
165 394.070007 429.140015 437.910004 324.709991 363.200012 417.010010
166 362.390015 390.570007 478.160004 332.709991 363.579987 420.660004
167 401.359985 377.589996 446.209991 333.679993 376.359985 465.920013
168 386.609985 372.079987 442.619995 335.299988 384.829987 428.010010
169 367.290009 377.959991 460.510010 334.070007 375.070007 434.529999
170 385.720001 370.660004 437.779999 330.089996 365.640015 428.829987
171 371.630005 367.730011 444.529999 350.000000 375.950012 431.739990
172 382.609985 369.920013 432.640015 339.290009 372.829987 432.470001
173 405.890015 393.070007 451.619995 335.519989 368.920013 418.609985
174 363.519989 360.940002 427.510010 324.420013 392.170013 426.570007
175 398.890015 383.899994 476.820007 357.869995 376.500000 441.980011
176 384.519989 367.100006 455.070007 328.390015 364.619995 419.929993
177 395.010010 393.029999 431.279999 324.299988 363.899994 420.630005
178 396.040009 385.329987 429.529999 324.269989 364.250000 421.329987
179 363.570007 361.320007 460.399994 324.239990 376.010010 421.179993
180 374.779999 426.989990 468.570007 326.290009 364.059998 421.390015
181 400.390015 369.500000 446.799988 340.660004 364.359985 445.730011
182 373.190002 361.589996 455.510010 324.950012 363.839996 420.679993
183 363.070007 390.510010 453.690002 324.369995 363.399994 421.070007
184 362.700012 360.200012 431.869995 341.000000 369.269989 446.239990
185 394.369995 361.160004 496.089996 325.019989 393.089996 422.970001
186 362.950012 360.510010 432.480011 331.250000 398.339996 453.149994
187 365.100006 361.040009 459.480011 324.149994 364.260010 421.660004
188 362.570007 360.600006 464.549988 324.450012 374.119995 426.140015
189 396.839996 379.529999 435.790009 345.220001 374.589996 421.730011
190 395.089996 392.420013 433.010010 324.579987 363.429993 443.350006
191 381.140015 361.329987 431.309998 340.480011 364.399994 427.339996
192 368.399994 362.070007 430.209991 324.640015 363.799988 424.489990
193 376.329987 395.359985 435.320007 332.619995 389.940002 432.820007
194 364.089996 361.309998 466.839996 324.579987 363.809998 424.089996
195 362.630005 366.000000 433.369995 356.429993 394.989990 425.019989
196 364.029999 389.230011 438.190002 324.320007 363.589996 424.010010
197 363.000000 360.510010 466.190002 325.359985 401.910004 423.959991
198 375.910004 420.850006 434.839996 325.579987 393.760010 425.700012
199 363.730011 361.070007 440.269989 352.850006 364.570007 457.570007
200 395.850006 361.160004 472.820007 362.329987 363.420013 426.339996
201 377.209991 386.239990 466.000000 345.350006 367.329987 467.929993
202 437.739990 395.149994 501.529999 357.079987 394.660004 427.630005
203 396.170013 363.339996 461.649994 337.440002 364.510010 428.350006
204 394.459991 362.630005 438.350006 352.290009 364.040009 437.720001
205 363.700012 394.799988 463.670013 324.500000 395.519989 454.029999
206 367.709991 365.500000 482.019989 325.070007 368.970001 466.179993
207 367.859985 391.720001 468.790009 324.299988 395.000000 460.269989
208 364.059998 396.029999 454.760010 354.510010 396.320007 459.700012
209 367.820007 361.679993 445.320007 333.750000 367.269989 460.950012
210 385.600006 368.350006 496.350006 327.600006 395.880005 461.970001
211 363.510010 360.540009 436.450012 355.989990 363.929993 428.980011
212 363.269989 392.649994 445.290009 324.600006 385.709991 466.070007
213 384.089996 403.390015 454.420013 346.559998 406.859985 494.640015
214 393.619995 403.140015 442.890015 325.980011 391.239990 431.510010
215 368.899994 394.739990 471.209991 355.540009 363.750000 431.049988
216 362.910004 360.809998 444.920013 324.190002 363.329987 430.760010
217 363.299988 383.279999 484.779999 345.140015 430.399994 443.989990
218 364.399994 390.940002 475.450012 324.899994 363.790009 462.970001
219 363.670013 362.690002 460.890015 355.089996 396.959991 431.779999
220 363.850006 361.390015 443.429993 324.420013 363.869995 431.010010
221 362.859985 360.720001 463.480011 351.690002 370.359985 466.320007
222 417.019989 371.809998 445.029999 324.230011 391.970001 434.029999
223 363.450012 392.100006 445.670013 331.089996 419.929993 465.929993
224 367.040009 360.480011 441.510010 355.250000 363.410004 433.470001
225 362.929993 360.799988 447.170013 348.739990 367.779999 515.309998
226 395.980011 363.799988 440.420013 324.429993 364.209991 464.299988
227 364.010010 361.079987 479.540009 324.279999 366.429993 443.109985
228 363.690002 361.589996 480.299988 324.730011 364.109985 436.600006
229 430.179993 371.510010 444.700012 324.399994 367.290009 442.850006
230 391.209991 382.609985 493.010010 324.440002 363.829987 439.799988
231 389.170013 364.059998 445.769989 324.459991 363.470001 438.910004
232 370.230011 363.269989 443.510010 324.480011 364.420013 438.619995
233 393.299988 362.549988 450.790009 333.890015 403.209991 442.209991
234 369.559998 371.660004 476.329987 325.070007 363.109985 470.119995
235 364.519989 361.500000 477.019989 324.339996 383.220001 454.880005
236 363.019989 416.359985 468.320007 324.250000 387.500000 441.829987
237 363.760010 391.519989 449.200012 352.109985 368.859985 475.510010
238 363.529999 362.440002 457.690002 356.459991 364.660004 444.709991
239 372.260010 362.839996 446.869995 352.630005 394.339996 444.269989
240 363.549988 361.170013 516.119995 334.529999 364.220001 475.929993
241 363.570007 361.920013 473.489990 326.570007 363.989990 444.690002
242 364.100006 361.309998 458.829987 329.730011 417.600006 481.959991
243 395.809998 360.489990 451.250000 324.489990 392.350006 444.350006
244 363.019989 361.179993 457.200012 337.450012 403.440002 473.760010
245 367.089996 361.470001 454.679993 324.209991 368.519989 446.549988
246 363.450012 387.589996 459.140015 339.559998 368.869995 476.799988
247 377.720001 379.940002 457.880005 343.799988 364.369995 475.940002
248 364.929993 362.299988 454.029999 324.420013 368.040009 466.980011
249 383.309998 389.250000 459.130005 324.149994 366.600006 476.829987
250 400.670013 373.799988 490.899994 368.049988 386.869995 449.540009
251 365.299988 362.309998 452.450012 364.679993 372.500000 462.019989
252 393.480011 387.079987 478.529999 335.160004 382.420013 445.730011
253 380.619995 372.559998 456.309998 355.929993 383.750000 480.160004
254 401.809998 388.769989 483.690002 339.510010 390.739990 493.779999
255 410.070007 375.579987 471.329987 369.859985 398.540009 455.059998
256 410.200012 363.869995 449.869995 366.809998 390.559998 457.500000
257 367.869995 361.440002 502.679993 337.220001 403.910004 456.130005
258 393.380005 374.500000 466.660004 333.839996 366.100006 470.589996
259 396.529999 390.040009 497.429993 336.660004 377.059998 484.190002
260 401.290009 377.559998 485.279999 325.089996 393.760010 455.119995
261 382.220001 425.589996 454.559998 328.600006 409.649994 476.700012
262 403.000000 384.609985 460.059998 328.649994 376.399994 504.630005
263 395.339996 377.690002 457.720001 324.459991 413.660004 464.640015
264 367.559998 390.059998 460.480011 355.299988 380.559998 450.589996
265 363.049988 385.579987 482.980011 354.649994 365.929993 448.829987
266 377.619995 366.350006 505.230011 335.510010 398.190002 488.260010
267 364.239990 393.670013 465.529999 324.510010 364.329987 466.179993
268 397.049988 394.160004 489.160004 355.549988 372.000000 469.049988
269 374.540009 390.029999 459.799988 339.339996 389.950012 473.690002
270 396.160004 392.440002 500.200012 363.540009 409.519989 500.329987
271 418.750000 400.809998 479.250000 353.369995 390.989990 489.769989
272 394.179993 387.799988 486.679993 351.350006 372.690002 489.149994
273 383.609985 385.510010 482.170013 328.750000 396.019989 486.609985
274 369.880005 391.290009 456.600006 329.450012 390.559998 465.839996
275 398.179993 396.500000 476.720001 324.609985 363.750000 517.190002
276 366.649994 360.399994 460.730011 325.309998 394.029999 458.279999
277 373.519989 393.649994 461.339996 356.429993 401.040009 462.429993
278 364.010010 373.059998 466.559998 324.850006 387.679993 508.649994
279 380.959991 374.470001 461.279999 336.359985 401.440002 499.029999
280 371.739990 402.869995 487.140015 324.290009 386.869995 468.480011
281 392.690002 409.019989 486.970001 327.230011 399.089996 477.450012
282 363.899994 365.420013 491.929993 325.959991 371.630005 497.119995
283 364.190002 371.899994 481.809998 327.250000 410.950012 508.059998
284 399.839996 407.799988 523.969971 380.989990 426.880005 532.260010
285 404.970001 426.130005 542.500000 344.579987 396.630005 545.070007
286 405.239990 422.980011 514.169983 344.709991 403.049988 475.440002
287 403.269989 427.119995 514.210022 339.750000 408.200012 472.140015
288 420.500000 404.070007 533.250000 384.450012 387.630005 543.429993
289 398.859985 392.179993 559.419983 360.320007 366.369995 467.899994
290 396.529999 388.239990 473.779999 324.739990 364.799988 488.850006
291 395.720001 363.089996 468.070007 351.369995 382.410004 505.429993
292 373.470001 388.329987 474.660004 349.290009 375.000000 476.200012
293 378.570007 385.910004 471.049988 324.420013 387.769989 482.100006
294 395.209991 394.160004 484.299988 361.239990 388.589996 474.369995
295 412.589996 393.459991 506.339996 324.570007 396.290009 508.339996
296 376.880005 393.890015 478.559998 324.649994 364.649994 483.269989
297 392.380005 365.980011 462.950012 325.350006 383.700012 495.700012
298 398.190002 365.600006 480.980011 364.790009 364.529999 506.000000
299 404.649994 374.769989 483.529999 329.809998 416.459991 562.200012
300 363.679993 376.809998 478.619995 343.130005 387.179993 481.140015
301 368.519989 381.380005 511.220001 357.119995 393.160004 471.290009
302 379.119995 425.730011 523.450012 342.100006 387.200012 487.359985
303 369.320007 383.149994 483.829987 349.329987 364.929993 474.299988
304 363.970001 379.799988 515.659973 324.329987 365.730011 502.799988
305 369.029999 361.140015 500.000000 334.359985 366.570007 474.720001
306 371.640015 362.679993 502.299988 324.750000 364.649994 512.940002
307 385.589996 397.910004 479.609985 351.359985 378.250000 497.529999
308 368.320007 390.450012 507.820007 324.600006 370.260010 497.470001
309 428.470001 415.070007 521.929993 324.540009 363.779999 503.700012
310 369.109985 394.720001 474.190002 324.109985 365.959991 505.339996
311 374.149994 360.940002 448.489990 359.850006 415.720001 455.989990
312 365.140015 335.559998 453.459991 324.799988 339.000000 435.940002
313 310.570007 309.600006 418.369995 324.390015 311.339996 422.649994
314 309.989990 312.709991 457.380005 324.000000 311.600006 426.350006
315 310.260010 307.690002 433.250000 326.920013 311.589996 447.029999
316 375.700012 356.529999 468.480011 398.769989 361.230011 488.250000
317 334.820007 309.399994 449.450012 357.070007 311.619995 430.829987
318 344.350006 345.940002 427.940002 324.329987 310.250000 429.600006
319 309.109985 315.959991 471.209991 360.799988 314.399994 433.790009
320 310.299988 308.130005 457.510010 343.709991 314.940002 430.269989
321 346.380005 308.119995 449.079987 340.790009 321.529999 430.559998
322 310.540009 308.500000 480.470001 331.299988 310.859985 429.929993
323 321.250000 308.000000 431.220001 324.489990 311.019989 435.350006
324 326.440002 307.570007 445.029999 336.250000 311.250000 430.790009
325 322.410004 340.089996 455.309998 324.359985 311.359985 430.149994
326 311.649994 312.750000 455.519989 349.630005 349.309998 433.420013
327 310.850006 308.130005 426.089996 324.670013 311.339996 430.059998
328 311.989990 308.220001 422.809998 331.410004 311.299988 430.809998
329 348.820007 316.760010 417.010010 324.660004 332.790009 443.769989
330 310.309998 307.880005 429.239990 324.260010 340.230011 436.019989
331 325.720001 336.899994 429.380005 325.190002 311.859985 430.170013
332 331.220001 318.649994 451.929993 324.269989 311.079987 431.489990
333 310.619995 313.109985 431.089996 327.649994 316.160004 429.589996
334 309.959991 311.130005 473.399994 333.100006 345.220001 472.250000
335 327.779999 317.890015 469.260010 348.880005 326.190002 478.010010
336 346.859985 344.160004 468.179993 352.390015 351.369995 467.850006
337 353.339996 315.940002 474.390015 327.000000 353.920013 474.040009
338 336.290009 358.459991 459.510010 335.739990 323.489990 444.630005
339 313.250000 323.679993 482.579987 333.859985 311.269989 458.880005
340 342.549988 312.570007 474.690002 338.260010 353.910004 464.269989
341 310.179993 307.980011 443.549988 324.690002 311.049988 441.239990
342 342.079987 308.570007 451.420013 358.049988 341.690002 478.250000
343 311.730011 345.279999 429.579987 357.429993 322.040009 468.739990
344 351.779999 313.929993 454.299988 362.970001 339.839996 456.089996
345 331.019989 317.459991 444.519989 334.399994 330.510010 455.859985
346 313.399994 307.880005 489.119995 354.309998 345.859985 452.739990
347 318.700012 308.250000 437.910004 345.200012 347.589996 484.179993
348 341.790009 319.529999 451.559998 324.399994 316.380005 469.410004
349 326.910004 307.959991 437.820007 324.130005 325.290009 492.000000
350 310.359985 327.019989 473.519989 366.149994 319.399994 445.730011
351 317.820007 312.980011 465.029999 351.720001 322.200012 450.549988
352 341.250000 320.709991 467.910004 336.649994 312.119995 453.980011
353 341.820007 326.380005 463.179993 324.559998 325.190002 481.850006
354 342.410004 340.829987 436.619995 334.589996 321.709991 439.250000
355 313.309998 389.829987 464.029999 331.480011 314.299988 475.440002
356 309.959991 310.709991 456.790009 354.329987 320.519989 451.850006
357 349.600006 338.750000 440.950012 353.570007 342.660004 485.549988
358 328.109985 310.309998 481.649994 352.910004 311.359985 451.109985
359 333.790009 336.269989 448.739990 331.799988 311.309998 451.540009
360 312.760010 324.399994 502.899994 333.410004 310.809998 457.200012
361 323.589996 308.779999 431.540009 352.829987 324.170013 477.089996
362 315.190002 337.510010 432.100006 352.049988 313.160004 441.730011
363 341.149994 329.359985 464.079987 337.619995 358.420013 447.940002
364 310.239990 341.869995 436.890015 336.190002 334.630005 441.200012
365 341.260010 312.049988 528.539978 380.130005 339.339996 469.019989
366 331.500000 328.390015 477.260010 377.250000 316.899994 488.220001
367 310.540009 339.209991 478.890015 344.029999 342.489990 441.869995
368 309.899994 307.299988 434.450012 324.179993 318.269989 473.660004
369 310.940002 308.059998 518.880005 337.670013 314.559998 459.600006
370 348.450012 319.079987 599.960022 330.230011 360.739990 460.910004
371 313.679993 325.500000 471.420013 404.480011 359.799988 470.989990
372 386.859985 405.670013 606.020020 347.049988 354.399994 442.920013
373 309.790009 308.779999 439.829987 324.239990 311.209991 451.350006
374 341.160004 323.140015 429.329987 356.010010 339.380005 442.429993
375 315.029999 308.839996 434.850006 335.149994 343.369995 442.519989
376 310.230011 307.619995 471.309998 324.839996 310.809998 442.109985
377 310.609985 307.640015 478.559998 336.160004 353.130005 475.109985
378 323.959991 307.489990 440.630005 327.820007 315.410004 451.700012
379 334.299988 336.160004 430.410004 329.410004 311.690002 442.540009
380 352.440002 335.420013 448.649994 324.480011 310.660004 442.540009
381 309.940002 307.839996 441.630005 324.279999 310.839996 448.399994
382 321.200012 308.519989 467.410004 324.359985 311.220001 442.440002
383 310.000000 308.250000 435.579987 328.440002 311.179993 475.519989
384 310.480011 313.410004 435.029999 324.329987 342.820007 442.929993
385 310.170013 308.720001 471.140015 324.750000 310.790009 442.869995
386 309.480011 307.070007 444.140015 355.790009 311.679993 475.630005
387 350.859985 346.850006 497.459991 324.589996 311.510010 451.040009
388 331.359985 308.329987 442.899994 349.049988 351.769989 444.049988
389 310.010010 314.709991 466.420013 344.679993 341.829987 460.839996
390 336.700012 308.019989 470.989990 339.700012 334.559998 474.619995
391 330.600006 325.600006 481.690002 328.200012 321.339996 463.529999
392 345.320007 334.329987 464.190002 345.540009 357.209991 491.459991
393 320.790009 312.679993 468.329987 337.369995 320.019989 452.519989
394 315.910004 340.299988 479.290009 345.589996 329.739990 460.880005
395 325.010010 344.299988 453.140015 355.779999 325.519989 475.000000
396 319.720001 343.730011 454.359985 335.390015 327.359985 468.940002
397 342.730011 317.579987 443.320007 325.589996 310.970001 489.429993
398 313.079987 307.989990 508.149994 324.309998 311.239990 478.950012
399 311.130005 307.589996 456.480011 325.190002 311.000000 449.450012
400 314.339996 320.019989 456.049988 324.529999 311.339996 450.010010
401 316.220001 320.010010 473.179993 365.899994 337.450012 452.660004
402 312.119995 311.190002 442.029999 324.489990 311.869995 460.459991
403 310.549988 307.670013 523.830017 326.920013 341.769989 450.119995
404 337.179993 322.670013 465.390015 340.929993 329.450012 468.549988
405 310.130005 313.059998 457.440002 324.239990 311.260010 449.950012
406 340.109985 308.959991 459.019989 324.429993 315.230011 449.730011
407 311.450012 343.920013 480.250000 344.619995 311.279999 501.299988
408 320.170013 308.200012 492.220001 334.850006 345.179993 479.029999
409 340.029999 329.029999 473.809998 355.779999 316.130005 510.750000
410 317.220001 318.019989 482.070007 357.100006 312.609985 479.220001
411 310.609985 338.920013 459.690002 325.619995 311.649994 450.510010
412 318.049988 308.350006 456.790009 333.660004 311.049988 449.570007
413 329.309998 320.160004 454.720001 344.829987 312.190002 450.170013
414 354.149994 325.839996 485.529999 360.760010 337.459991 472.429993
415 310.170013 307.299988 456.160004 324.399994 311.329987 460.470001
416 310.579987 321.059998 478.369995 362.320007 318.209991 450.480011
417 311.160004 308.609985 457.549988 324.820007 311.480011 450.000000
418 329.570007 337.079987 480.559998 332.630005 348.869995 471.869995
419 310.839996 319.459991 474.790009 324.200012 310.829987 481.890015
420 340.700012 309.549988 514.799988 324.290009 310.850006 482.640015
421 309.739990 339.470001 481.730011 336.640015 339.209991 519.809998
422 335.269989 313.670013 489.859985 342.200012 310.899994 471.709991
423 354.540009 313.350006 496.130005 327.290009 312.209991 495.970001
424 313.790009 311.299988 462.839996 326.640015 312.130005 459.260010
425 324.730011 309.209991 461.730011 333.859985 343.500000 483.500000
426 341.709991 365.850006 496.670013 355.359985 318.660004 498.230011
427 341.980011 358.950012 501.279999 376.420013 328.929993 515.109985
428 340.700012 312.299988 505.760010 389.920013 356.720001 482.070007
429 329.140015 355.730011 513.640015 368.579987 373.100006 534.409973
430 340.079987 335.119995 512.789978 350.779999 357.470001 493.010010
431 332.049988 339.200012 498.299988 354.989990 371.859985 522.989990
432 367.959991 340.829987 478.980011 340.250000 318.029999 485.679993
433 341.839996 308.980011 461.779999 324.559998 345.760010 451.769989
434 310.410004 307.730011 458.529999 324.359985 331.880005 539.250000
435 319.140015 308.329987 491.809998 387.890015 337.690002 492.390015
436 313.309998 308.649994 496.920013 338.450012 338.649994 469.739990
437 318.549988 307.670013 488.179993 357.049988 322.670013 490.579987
438 319.399994 339.140015 464.019989 324.369995 325.510010 475.010010
439 310.880005 313.730011 490.029999 325.380005 334.640015 519.969971
440 317.450012 311.190002 468.880005 324.380005 311.269989 472.529999
441 311.779999 331.320007 524.409973 338.399994 324.809998 464.480011
442 345.790009 338.769989 501.570007 324.170013 310.679993 456.350006
443 329.630005 347.679993 531.789978 337.910004 318.570007 488.489990
444 310.670013 307.750000 522.049988 333.320007 340.670013 468.399994
445 341.019989 343.299988 458.769989 334.859985 339.450012 460.119995
446 310.130005 307.829987 493.000000 339.730011 314.540009 457.209991
447 319.890015 355.609985 475.130005 355.619995 325.209991 475.140015
448 340.829987 310.250000 487.329987 334.040009 351.320007 494.700012
449 334.630005 342.589996 459.869995 325.920013 323.579987 483.829987
450 352.190002 308.079987 466.720001 337.279999 310.839996 460.059998
451 309.910004 307.989990 455.730011 324.380005 310.470001 490.269989
452 310.519989 307.970001 509.600006 359.279999 339.739990 493.869995
453 341.690002 339.829987 519.000000 358.660004 316.179993 473.690002
454 314.200012 321.100006 480.299988 359.109985 310.519989 458.239990
455 342.200012 328.339996 505.089996 358.459991 318.839996 469.750000
456 313.799988 309.910004 468.790009 324.239990 311.070007 475.989990
457 313.109985 340.450012 539.590027 355.929993 312.809998 462.309998
458 312.350006 310.429993 496.779999 360.459991 352.000000 460.119995
459 313.859985 308.489990 466.619995 324.519989 322.149994 482.070007
460 310.549988 307.750000 468.769989 324.369995 311.019989 460.000000
461 314.119995 320.100006 502.609985 351.799988 336.450012 461.950012
462 310.850006 308.309998 471.440002 324.359985 310.570007 491.959991
463 310.140015 306.920013 504.540009 324.570007 317.250000 508.190002
464 310.769989 308.179993 457.950012 324.209991 311.390015 456.739990
465 310.119995 307.529999 471.470001 324.359985 310.429993 461.529999
466 345.920013 321.910004 489.670013 351.529999 310.859985 458.779999
467 309.750000 307.049988 469.299988 324.260010 311.420013 468.519989
468 310.049988 341.859985 485.429993 327.929993 314.019989 550.909973
469 323.739990 308.320007 498.579987 325.220001 311.149994 469.040009
470 311.049988 319.239990 480.480011 325.160004 311.359985 477.670013
471 318.709991 310.609985 508.149994 328.329987 329.980011 489.220001
472 312.390015 311.459991 473.299988 368.480011 345.290009 509.459991
473 352.399994 315.559998 490.320007 331.440002 321.709991 478.160004
474 328.779999 319.950012 489.059998 365.910004 329.529999 496.429993
475 348.600006 353.459991 517.950012 347.089996 324.299988 486.679993
476 312.179993 313.769989 491.980011 328.570007 315.489990 485.230011
477 317.670013 312.790009 472.290009 341.940002 320.769989 498.750000
478 311.850006 319.839996 482.230011 330.739990 313.290009 500.339996
479 331.619995 310.160004 480.640015 333.690002 338.570007 496.179993
480 320.109985 344.029999 522.890015 340.410004 345.019989 494.809998
481 316.459991 320.269989 534.609985 343.079987 327.890015 476.880005
482 312.700012 311.489990 520.090027 331.529999 312.380005 498.190002
483 320.260010 326.279999 494.220001 332.220001 317.350006 509.619995
484 351.820007 316.209991 480.970001 358.049988 328.309998 479.670013
485 341.899994 312.609985 472.619995 358.079987 362.040009 505.760010
486 313.420013 311.980011 504.839996 331.489990 335.190002 559.090027
487 314.910004 319.329987 546.640015 356.959991 354.440002 524.059998
488 336.429993 338.540009 487.250000 350.549988 325.059998 532.950012
489 338.589996 310.149994 490.100006 329.500000 344.959991 501.609985
490 329.309998 343.019989 509.459991 326.290009 317.709991 481.119995
491 340.109985 321.190002 503.269989 329.920013 317.100006 510.940002
492 320.920013 331.559998 512.270020 379.779999 319.160004 500.040009
493 346.170013 313.160004 481.589996 330.260010 313.429993 496.339996
494 322.649994 314.019989 497.119995 359.200012 316.420013 504.619995
495 340.350006 321.980011 535.960022 347.529999 314.750000 536.510010
496 315.880005 331.899994 490.760010 346.970001 361.540009 503.899994
497 345.420013 310.390015 504.500000 362.510010 312.890015 505.730011
498 314.720001 335.390015 508.010010 352.959991 329.790009 493.640015
499 315.809998 311.880005 528.820007 330.959991 312.760010 477.359985
500 312.670013 314.799988 512.380005 352.399994 316.809998 538.729980
501 365.440002 318.619995 511.230011 335.920013 342.390015 476.559998
502 315.630005 315.299988 492.260010 327.619995 354.160004 499.149994
503 346.170013 312.119995 547.559998 333.730011 343.709991 512.679993
504 347.809998 339.339996 491.279999 352.500000 324.660004 478.000000
505 366.109985 325.859985 586.349976 328.540009 317.980011 502.829987
506 317.299988 323.329987 496.089996 329.149994 370.570007 515.909973
507 341.200012 331.489990 487.359985 353.500000 314.250000 530.479980
508 407.390015 345.720001 516.150024 349.089996 322.260010 526.219971
509 327.850006 312.540009 502.130005 337.119995 314.940002 480.540009
510 329.380005 311.589996 527.880005 363.109985 328.230011 499.579987
511 311.239990 308.660004 478.959991 324.170013 311.290009 469.790009
512 310.170013 338.420013 493.320007 361.109985 323.209991 518.169983
513 314.739990 307.929993 500.690002 324.339996 314.970001 470.700012
514 340.799988 308.149994 516.109985 337.339996 362.790009 488.200012
515 318.279999 312.869995 490.799988 346.299988 322.000000 469.850006
516 310.100006 323.730011 547.820007 343.739990 357.000000 521.659973
517 335.059998 352.970001 515.460022 366.269989 338.309998 498.559998
518 313.000000 322.450012 527.260010 346.609985 335.429993 494.350006
519 332.079987 338.910004 524.489990 364.200012 345.750000 508.109985
520 310.380005 307.850006 557.539978 353.170013 311.869995 489.380005
521 310.549988 335.899994 553.049988 356.260010 324.529999 502.570007
522 341.709991 307.579987 519.789978 344.850006 347.510010 527.729980
523 324.820007 307.869995 518.539978 356.429993 315.230011 529.479980
524 312.790009 340.190002 515.780029 325.779999 323.390015 506.359985
525 336.649994 316.709991 520.739990 340.320007 314.040009 516.989990
526 341.790009 313.500000 545.799988 347.429993 343.369995 504.339996
527 310.899994 336.510010 532.969971 364.570007 323.720001 506.390015
528 323.809998 326.709991 566.880005 329.779999 311.329987 469.850006
529 310.299988 320.100006 594.729980 356.980011 330.260010 514.469971
530 331.359985 325.059998 516.179993 345.070007 330.369995 490.179993
531 337.040009 311.739990 531.559998 360.940002 343.790009 486.010010
532 345.200012 328.760010 524.020020 347.760010 329.989990 530.340027
533 324.519989 320.359985 566.159973 347.980011 355.670013 541.789978
534 336.489990 309.940002 529.460022 341.750000 342.230011 537.039978
535 348.940002 321.359985 535.609985 374.399994 361.230011 473.619995
536 343.089996 357.299988 496.190002 324.440002 342.929993 485.820007
537 341.470001 309.769989 491.579987 336.450012 315.910004 523.539978
538 342.279999 311.980011 501.820007 324.839996 314.450012 511.269989
539 375.420013 307.899994 562.299988 333.769989 353.730011 503.109985
540 332.100006 340.640015 549.080017 324.369995 323.850006 498.899994
541 352.350006 380.119995 516.239990 362.290009 347.079987 495.630005
542 353.049988 335.799988 565.590027 364.910004 337.109985 504.390015
543 340.079987 371.010010 507.559998 390.649994 343.049988 519.049988
544 330.220001 343.920013 546.159973 325.769989 311.149994 469.459991
545 309.809998 337.079987 496.750000 355.269989 332.339996 512.229980
546 311.190002 346.230011 562.979980 330.799988 348.010010 474.250000
547 330.290009 323.059998 526.739990 365.309998 373.670013 570.309998
548 367.570007 345.100006 575.140015 343.429993 350.920013 521.419983
549 314.500000 371.040009 492.579987 326.250000 317.339996 529.409973
550 336.010010 363.200012 521.369995 335.690002 343.040009 496.200012
551 318.380005 328.779999 525.419983 332.739990 314.119995 478.320007
552 346.140015 345.140015 536.630005 327.920013 336.869995 520.650024
553 315.070007 321.000000 503.369995 324.209991 311.200012 469.929993
554 310.260010 308.519989 502.709991 324.630005 311.640015 469.730011
555 315.230011 320.529999 508.579987 324.140015 311.369995 502.190002
556 310.670013 308.470001 493.869995 324.290009 343.850006 469.519989
557 309.790009 325.529999 514.950012 355.320007 311.309998 470.170013
558 310.429993 307.790009 522.250000 357.529999 339.880005 596.309998
559 372.540009 352.049988 512.020020 347.320007 333.119995 523.969971
560 332.049988 333.320007 511.690002 328.609985 324.190002 489.269989
561 317.739990 314.239990 520.469971 341.179993 347.119995 482.899994
562 341.010010 348.920013 593.340027 377.839996 422.170013 587.659973
563 326.529999 331.660004 513.630005 347.399994 341.179993 489.390015
564 318.510010 325.670013 638.940002 426.390015 383.529999 540.349976
565 331.940002 330.329987 541.469971 375.040009 344.959991 489.149994
566 314.450012 342.929993 554.900024 350.779999 345.119995 520.260010
567 331.260010 323.339996 571.440002 386.290009 384.779999 524.979980
568 361.670013 333.679993 546.619995 358.910004 335.170013 487.170013
569 318.660004 315.500000 538.820007 338.200012 332.000000 486.369995
570 322.549988 317.820007 532.450012 334.559998 328.859985 478.519989
571 311.089996 308.049988 528.549988 325.140015 334.920013 473.920013
572 315.040009 311.209991 522.109985 336.910004 335.980011 523.500000
573 310.309998 307.700012 499.029999 324.359985 311.399994 470.010010
574 310.130005 307.559998 505.890015 330.600006 335.130005 534.700012
575 323.200012 340.570007 509.239990 326.519989 322.359985 480.720001
576 326.579987 323.029999 512.250000 336.109985 328.040009 507.950012
577 336.100006 329.809998 527.460022 328.910004 331.720001 519.109985
578 351.339996 325.029999 545.729980 350.070007 329.019989 507.399994
579 324.380005 350.579987 556.690002 367.170013 339.329987 523.599976
580 322.839996 343.559998 546.400024 349.290009 319.510010 482.320007
581 336.760010 311.809998 535.890015 356.100006 329.299988 516.820007
582 310.170013 310.339996 531.419983 324.239990 311.619995 483.040009
583 323.519989 308.690002 543.309998 329.529999 334.420013 530.330017
584 328.630005 308.190002 524.820007 338.450012 327.640015 538.190002
585 335.940002 316.489990 558.679993 352.720001 343.910004 566.190002
586 312.559998 308.040009 555.250000 338.179993 357.489990 531.770020
587 360.010010 322.890015 561.830017 371.250000 339.010010 530.739990
588 310.799988 307.720001 570.650024 326.040009 341.989990 491.559998
589 320.230011 311.700012 522.039978 336.799988 338.630005 501.649994
590 309.779999 307.420013 511.309998 324.489990 325.809998 552.309998
591 311.329987 309.029999 541.700012 329.119995 336.970001 512.900024
592 310.700012 337.540009 552.580017 324.540009 332.940002 508.029999
593 328.890015 324.850006 573.130005 353.519989 317.940002 508.709991
594 318.940002 338.369995 545.559998 365.790009 316.829987 502.779999
595 353.010010 321.790009 547.179993 330.600006 312.220001 518.580017
596 310.980011 308.029999 504.820007 324.350006 348.220001 514.440002
597 342.320007 307.890015 566.619995 327.619995 310.709991 547.869995
598 359.760010 310.250000 521.250000 362.329987 313.510010 521.669983
599 309.790009 344.429993 503.670013 324.309998 314.070007 530.359985
600 318.450012 338.320007 506.010010 324.429993 311.589996 516.989990
601 333.450012 312.940002 508.279999 324.429993 310.809998 518.520020
602 315.079987 309.160004 501.470001 355.980011 342.829987 548.270020
603 310.109985 307.769989 531.169983 334.899994 311.519989 485.640015
604 318.480011 310.820007 547.940002 330.100006 312.709991 485.779999
605 310.290009 325.670013 542.820007 324.420013 311.010010 485.790009
606 310.160004 308.820007 606.659973 353.750000 339.390015 530.390015
607 339.959991 310.250000 506.179993 352.410004 310.579987 485.170013
608 309.140015 306.619995 569.909973 331.519989 311.690002 518.390015
609 310.649994 307.980011 533.150024 354.600006 339.579987 516.760010
610 309.540009 307.380005 510.170013 337.709991 313.100006 517.690002
611 310.720001 307.049988 533.570007 324.269989 310.559998 587.530029
612 339.170013 314.790009 543.099976 332.480011 312.790009 515.719971
613 338.829987 307.309998 519.630005 325.750000 311.149994 513.500000
614 310.649994 307.980011 514.570007 324.130005 310.200012 521.900024
615 311.260010 312.100006 554.929993 324.489990 311.279999 485.660004
616 312.480011 308.059998 558.469971 324.100006 311.399994 508.540009
617 310.950012 309.140015 596.179993 324.350006 310.779999 485.850006
618 309.730011 334.910004 527.080017 324.320007 311.049988 486.029999
619 315.399994 326.619995 521.570007 325.720001 311.519989 485.839996
620 309.839996 307.290009 516.950012 324.299988 311.179993 489.959991
621 341.470001 324.779999 529.020020 330.829987 311.720001 485.730011
622 310.149994 308.329987 531.289978 353.140015 311.329987 485.579987
623 310.850006 339.670013 563.390015 352.679993 333.309998 512.929993
624 309.519989 337.720001 499.010010 331.690002 310.549988 465.619995
625 293.299988 289.299988 480.190002 381.420013 264.380005 441.170013
626 274.160004 305.799988 487.029999 324.480011 259.839996 442.750000
627 287.989990 257.410004 486.000000 324.730011 269.670013 453.309998
628 282.940002 263.660004 526.859985 340.160004 296.760010 489.769989
629 271.929993 274.619995 531.109985 359.880005 270.809998 487.579987
630 285.709991 364.269989 579.479980 326.410004 276.540009 476.839996
631 259.799988 256.640015 465.790009 324.519989 285.799988 451.679993
632 262.250000 298.070007 476.160004 360.100006 267.209991 485.799988
633 279.109985 271.950012 482.510010 331.149994 279.679993 460.040009
634 262.209991 261.630005 515.280029 353.619995 264.950012 467.140015
635 318.519989 367.359985 540.590027 329.179993 263.470001 447.000000
636 259.299988 270.410004 521.590027 346.570007 270.130005 462.450012
637 264.239990 261.750000 540.909973 344.380005 293.350006 560.880005
638 261.709991 261.739990 486.880005 343.510010 284.049988 598.239990
639 308.589996 292.029999 504.170013 370.839996 346.440002 585.469971
640 298.760010 338.970001 529.419983 335.809998 275.989990 493.950012
641 268.910004 266.989990 498.000000 349.609985 262.269989 467.329987
642 303.640015 288.739990 595.119995 354.019989 279.929993 461.429993
643 300.619995 263.220001 481.679993 330.899994 273.200012 465.470001
644 275.670013 273.920013 519.940002 350.160004 284.640015 460.890015
645 271.309998 274.809998 498.760010 330.399994 262.799988 463.359985
646 264.809998 264.070007 503.980011 334.829987 266.299988 458.970001
647 294.619995 287.029999 492.950012 344.970001 300.570007 474.660004
648 281.540009 275.079987 520.820007 342.529999 271.929993 480.049988
649 275.859985 260.369995 537.890015 330.589996 264.779999 459.200012
650 266.959991 291.790009 488.109985 335.200012 272.700012 470.480011
651 289.359985 267.140015 490.459991 336.869995 289.570007 466.470001
652 266.890015 260.779999 526.640015 333.769989 264.529999 501.600006
653 342.429993 282.399994 495.059998 364.750000 288.100006 515.340027
654 299.869995 278.239990 496.799988 341.720001 269.230011 463.290009
655 269.859985 266.649994 480.940002 337.000000 276.959991 454.350006
656 282.920013 284.660004 486.260010 343.450012 269.869995 471.720001
657 282.079987 265.890015 567.229980 480.500000 329.519989 612.179993
658 332.549988 290.529999 575.309998 401.940002 289.970001 565.190002
659 289.640015 302.950012 618.330017 426.619995 311.410004 510.589996
660 287.700012 271.790009 545.130005 370.640015 290.390015 444.540009
661 292.510010 271.390015 519.200012 353.750000 284.859985 499.170013
662 270.010010 267.890015 545.070007 327.920013 263.529999 460.549988
663 262.510010 260.829987 529.719971 345.290009 273.640015 464.679993
664 282.420013 271.690002 566.380005 352.049988 279.000000 484.920013
665 280.500000 272.619995 492.100006 330.929993 289.829987 460.980011
666 272.779999 268.260010 487.950012 338.109985 290.070007 446.500000
667 261.179993 260.170013 491.940002 326.230011 265.880005 492.279999
668 261.029999 260.869995 495.160004 332.959991 270.589996 461.209991
669 295.859985 271.429993 524.909973 328.750000 260.500000 461.130005
670 264.209991 266.279999 484.950012 335.029999 261.279999 447.690002
671 269.700012 258.250000 525.260010 333.350006 261.709991 445.920013
672 263.540009 256.959991 493.839996 325.700012 260.570007 446.260010
673 266.290009 285.279999 495.380005 325.420013 273.890015 487.299988
674 262.510010 261.170013 502.160004 343.269989 273.600006 474.500000
675 259.730011 288.600006 482.679993 331.649994 283.690002 474.980011
676 275.079987 287.859985 492.799988 354.399994 259.679993 442.179993
677 259.049988 256.420013 462.010010 324.420013 259.559998 443.239990
678 259.519989 256.769989 477.540009 376.100006 260.660004 474.420013
679 285.339996 262.589996 528.330017 324.049988 260.059998 472.890015
680 259.279999 257.750000 504.260010 327.070007 259.799988 531.659973
681 268.769989 289.279999 492.540009 324.700012 259.910004 442.290009
682 259.660004 258.000000 503.899994 356.549988 259.700012 442.549988
683 258.869995 288.070007 495.730011 355.660004 290.540009 443.290009
684 293.660004 262.079987 493.809998 347.260010 281.779999 443.890015
685 259.440002 256.829987 486.269989 369.859985 312.640015 475.380005
686 259.579987 256.579987 509.929993 324.359985 259.929993 443.149994
687 259.570007 256.959991 549.520020 372.230011 259.679993 477.489990
688 260.260010 257.279999 482.779999 324.950012 259.600006 444.100006
689 259.299988 273.739990 490.510010 324.540009 260.760010 452.290009
690 267.790009 287.929993 512.989990 335.480011 259.500000 444.390015
691 258.970001 256.279999 475.989990 324.529999 259.809998 442.579987
692 260.040009 256.750000 579.900024 324.839996 260.279999 445.239990
693 259.239990 289.279999 550.539978 346.700012 259.450012 466.579987
694 281.359985 272.000000 520.440002 364.470001 270.600006 489.950012
695 292.529999 289.070007 553.440002 336.570007 262.109985 483.309998
696 267.989990 256.859985 510.619995 387.880005 303.350006 478.399994
697 273.600006 260.549988 493.890015 350.739990 273.079987 489.910004
698 294.149994 271.920013 535.710022 371.540009 262.500000 456.899994
699 304.649994 295.730011 536.849976 356.100006 277.320007 477.700012
700 271.779999 291.859985 548.729980 351.130005 299.760010 443.130005
701 259.489990 288.119995 537.369995 324.369995 259.769989 471.339996
702 263.000000 260.549988 525.510010 356.760010 272.529999 513.979980
703 271.529999 276.059998 566.969971 358.429993 278.500000 529.270020
704 287.209991 282.109985 521.000000 366.079987 291.440002 478.010010
705 291.329987 295.809998 546.369995 349.279999 264.420013 532.409973
706 259.690002 306.010010 544.530029 387.670013 293.059998 511.100006
707 294.429993 310.500000 561.700012 367.010010 293.809998 504.339996
708 281.000000 298.239990 558.599976 325.140015 302.070007 549.450012
709 278.769989 316.510010 498.890015 345.839996 283.529999 525.000000
710 262.820007 257.149994 583.450012 343.320007 266.339996 500.839996
711 269.140015 268.179993 575.330017 330.239990 271.019989 501.649994
712 262.109985 256.760010 492.739990 324.339996 259.429993 467.970001
713 259.649994 256.799988 529.109985 325.730011 259.329987 469.170013
714 262.579987 258.859985 491.179993 390.950012 291.929993 481.220001
715 313.859985 256.850006 572.780029 324.390015 260.690002 498.130005
716 287.320007 278.609985 530.299988 324.880005 291.049988 501.570007
717 259.190002 257.260010 508.459991 331.739990 268.600006 467.459991
718 259.480011 256.850006 519.250000 324.359985 264.670013 492.140015
719 290.359985 290.589996 510.839996 324.440002 259.470001 467.570007
720 258.950012 256.230011 533.849976 341.390015 259.519989 467.369995
721 274.160004 257.250000 535.979980 344.619995 271.040009 500.040009
722 259.859985 257.200012 507.869995 324.519989 265.720001 522.630005
723 266.359985 266.739990 510.109985 338.880005 280.459991 540.830017
724 317.779999 277.760010 497.899994 324.769989 259.869995 467.709991
725 294.559998 273.160004 517.359985 324.570007 264.869995 537.289978
726 297.040009 268.899994 551.630005 343.140015 261.779999 473.059998
727 259.450012 275.630005 584.690002 326.899994 259.670013 468.179993
728 267.980011 291.220001 528.030029 355.899994 271.959991 514.380005
729 290.529999 266.010010 578.010010 327.600006 277.320007 524.799988
730 305.730011 311.869995 553.960022 328.589996 270.829987 553.799988
731 270.329987 258.209991 504.769989 324.410004 259.720001 529.650024
732 270.200012 285.459991 530.770020 376.700012 262.890015 566.190002
733 288.010010 280.519989 548.260010 355.130005 297.190002 547.799988
734 269.369995 263.380005 533.049988 344.540009 285.790009 535.869995
735 284.950012 294.480011 574.840027 337.089996 301.950012 573.130005
736 281.369995 257.019989 509.799988 362.239990 291.760010 548.229980
737 287.049988 257.390015 558.330017 324.309998 277.739990 594.630005
738 273.660004 277.649994 545.469971 324.959991 260.040009 523.979980
739 291.390015 257.309998 512.820007 355.000000 272.690002 551.380005
740 267.579987 278.630005 532.599976 363.880005 289.220001 558.150024
741 275.130005 256.820007 499.380005 335.579987 282.420013 590.179993
742 296.390015 266.029999 581.590027 369.850006 276.260010 536.030029
743 269.209991 267.920013 555.780029 326.320007 259.609985 572.289978
744 259.339996 260.709991 577.710022 339.059998 289.859985 546.500000
745 291.899994 269.440002 570.650024 339.989990 294.959991 538.520020
746 262.880005 281.359985 532.179993 362.679993 295.899994 567.859985
747 265.559998 256.869995 551.000000 358.690002 268.679993 548.330017
748 269.079987 274.260010 523.469971 362.989990 259.760010 583.039978
749 270.709991 287.200012 574.320007 360.380005 262.519989 529.109985
750 288.109985 270.209991 595.969971 347.100006 273.369995 571.830017
751 273.600006 259.809998 527.630005 331.190002 259.450012 548.159973
752 266.049988 256.709991 545.690002 360.850006 260.149994 555.190002
753 258.980011 256.390015 532.159973 334.640015 292.470001 535.809998
754 264.500000 276.859985 573.780029 339.320007 271.630005 565.960022
755 313.079987 289.230011 533.630005 324.320007 264.839996 547.780029
756 284.070007 284.100006 549.690002 327.130005 259.579987 607.380005
757 327.359985 306.149994 544.619995 396.859985 283.279999 573.510010
758 259.950012 279.470001 551.239990 325.529999 261.179993 537.099976
759 298.450012 288.029999 515.039978 365.670013 266.390015 523.830017
760 289.940002 267.410004 565.190002 324.570007 291.179993 523.820007
761 291.350006 276.920013 586.320007 356.209991 259.369995 549.750000
762 285.850006 256.970001 613.929993 324.309998 259.559998 523.099976
763 259.089996 257.140015 518.179993 324.359985 285.109985 532.880005
764 259.290009 257.320007 524.219971 329.390015 278.209991 524.409973
765 259.459991 257.510010 503.170013 325.100006 259.869995 551.619995
766 259.109985 256.649994 514.690002 324.500000 259.600006 534.489990
767 292.600006 264.609985 510.589996 346.730011 272.410004 549.630005
768 292.529999 308.200012 604.859985 346.209991 268.160004 550.640015
769 286.369995 267.869995 541.150024 338.309998 275.510010 540.570007
770 268.070007 260.829987 556.909973 348.959991 265.420013 546.450012
771 271.690002 295.209991 526.840027 342.769989 285.769989 577.659973
772 283.010010 277.170013 578.809998 411.839996 340.890015 596.969971
773 347.359985 304.140015 558.200012 324.649994 260.970001 556.690002
774 259.380005 272.899994 546.330017 371.269989 267.989990 557.960022
775 302.450012 261.989990 522.109985 324.339996 260.000000 584.469971
776 259.679993 256.750000 565.530029 326.380005 285.720001 623.960022
777 288.880005 262.519989 562.239990 325.399994 289.290009 553.140015
778 259.690002 259.950012 521.289978 353.660004 259.649994 583.619995
779 289.000000 258.149994 537.340027 324.399994 259.609985 577.340027
780 267.910004 262.399994 551.960022 337.279999 267.230011 569.989990
781 268.250000 262.470001 581.869995 357.760010 274.769989 596.260010
782 269.829987 265.750000 531.390015 332.970001 271.149994 581.210022
783 259.059998 256.470001 546.469971 324.609985 261.049988 592.609985
784 259.320007 256.880005 554.090027 324.119995 259.390015 551.830017
785 259.920013 256.820007 532.349976 324.290009 273.089996 553.539978
786 281.950012 287.250000 581.960022 355.679993 260.600006 614.309998
787 259.470001 277.950012 533.000000 324.179993 259.859985 558.479980
788 282.230011 269.839996 551.400024 385.869995 287.369995 567.679993
789 274.869995 261.880005 545.650024 350.859985 272.980011 572.719971
790 273.519989 272.459991 564.179993 331.440002 264.630005 569.340027
791 283.980011 262.059998 570.619995 346.010010 271.609985 569.419983
792 272.850006 271.489990 549.299988 357.519989 297.049988 577.820007
793 273.390015 278.750000 535.169983 345.559998 270.109985 590.950012
794 306.869995 341.630005 615.919983 348.160004 273.660004 595.270020
795 289.390015 281.329987 580.809998 338.459991 276.420013 607.179993
796 277.970001 274.350006 582.119995 377.209991 269.390015 561.450012
797 263.730011 265.019989 534.260010 340.950012 278.320007 560.219971
798 263.359985 261.649994 548.169983 334.640015 265.519989 596.090027
799 275.820007 263.239990 555.039978 356.540009 272.760010 579.099976
800 269.899994 269.700012 563.090027 359.059998 280.500000 712.229980
801 273.619995 267.429993 565.859985 379.570007 306.470001 591.599976
802 260.119995 257.130005 507.410004 373.140015 291.920013 679.969971
803 302.329987 298.829987 622.950012 369.769989 312.529999 635.010010
804 300.989990 282.880005 578.909973 374.779999 299.109985 631.770020
805 294.010010 313.670013 527.969971 324.790009 260.820007 551.729980
806 265.540009 270.440002 519.090027 336.299988 266.989990 570.090027
807 277.970001 267.579987 559.440002 335.470001 274.299988 567.950012
808 273.299988 258.290009 530.669983 357.269989 262.130005 589.380005
809 273.250000 275.579987 654.359985 400.450012 335.869995 634.099976
810 299.420013 296.790009 569.890015 353.679993 296.130005 620.539978
811 306.440002 295.440002 577.739990 348.670013 297.600006 595.770020
812 279.450012 324.309998 563.539978 354.940002 284.049988 618.859985
813 279.890015 293.920013 631.880005 344.239990 276.029999 589.630005
814 301.670013 295.140015 614.070007 354.000000 343.420013 667.090027
815 281.209991 282.700012 597.349976 383.989990 291.829987 612.809998
816 293.220001 305.609985 614.869995 365.959991 309.059998 646.239990
817 308.089996 319.779999 592.960022 393.500000 331.760010 688.010010
818 321.149994 305.260010 610.659973 357.869995 300.239990 611.039978
819 260.119995 257.000000 553.070007 346.109985 269.920013 556.359985
820 261.929993 285.880005 550.090027 332.380005 264.809998 565.989990
821 263.399994 260.540009 539.059998 336.920013 262.350006 562.559998
822 267.779999 288.549988 523.630005 340.799988 265.510010 567.210022
823 272.750000 288.559998 527.669983 324.399994 268.130005 583.909973
824 260.000000 257.209991 547.890015 347.220001 268.510010 557.460022
825 302.570007 272.049988 559.700012 363.799988 263.700012 622.820007
826 271.609985 284.570007 518.400024 324.420013 259.380005 577.000000
827 259.470001 256.970001 571.039978 327.619995 288.519989 588.020020
828 277.390015 256.899994 560.479980 332.779999 291.149994 575.440002
829 259.279999 256.660004 527.640015 324.489990 260.450012 607.280029
830 283.440002 263.299988 562.289978 347.940002 269.809998 575.119995
831 259.019989 288.410004 554.979980 324.320007 261.029999 605.130005
832 259.850006 256.709991 548.820007 324.480011 259.410004 621.190002
833 259.260010 256.630005 535.710022 324.269989 259.309998 576.590027
834 259.450012 256.500000 529.010010 324.350006 260.089996 590.880005
835 277.850006 262.730011 534.219971 324.450012 291.410004 575.890015
836 261.170013 264.119995 556.400024 361.089996 259.779999 581.539978
837 276.149994 267.570007 552.880005 353.799988 271.149994 601.500000
838 296.959991 273.269989 581.809998 364.739990 296.339996 596.690002
839 293.140015 296.019989 624.969971 381.339996 276.200012 591.320007
840 286.209991 262.230011 521.380005 327.630005 288.959991 587.760010
841 270.350006 269.230011 602.520020 340.420013 268.170013 593.719971
842 259.170013 287.160004 611.590027 324.600006 259.869995 579.289978
843 271.600006 270.010010 572.739990 345.070007 265.170013 592.960022
844 307.779999 286.859985 647.739990 358.790009 280.549988 632.349976
845 283.059998 286.279999 617.849976 356.369995 307.459991 665.200012
846 311.489990 294.329987 613.200012 377.200012 274.309998 615.729980
847 292.209991 275.820007 593.809998 377.890015 264.279999 592.390015
848 295.269989 287.619995 598.460022 373.350006 300.730011 633.429993
849 302.519989 269.329987 610.229980 375.779999 287.369995 693.840027
850 304.100006 290.579987 638.010010 324.929993 261.619995 575.539978
851 261.709991 280.160004 583.559998 340.720001 262.940002 609.409973
852 268.609985 279.220001 610.630005 353.170013 259.920013 605.869995
853 258.799988 271.510010 554.099976 325.519989 260.220001 581.030029
854 290.089996 261.339996 540.820007 326.489990 264.779999 576.000000
855 259.720001 280.630005 561.049988 324.410004 260.309998 607.479980
856 259.600006 256.649994 598.710022 333.609985 259.519989 586.799988
857 258.820007 272.660004 543.500000 328.489990 260.250000 578.559998
858 272.160004 282.109985 568.239990 325.529999 264.809998 604.669983
859 268.320007 256.929993 541.369995 349.739990 291.880005 585.200012
860 259.570007 258.290009 595.210022 324.750000 259.910004 576.210022
861 286.399994 265.970001 584.710022 344.959991 269.690002 638.890015
862 264.589996 281.459991 605.599976 326.440002 259.709991 612.369995
863 259.100006 256.470001 554.809998 324.119995 260.230011 575.840027
864 266.839996 290.570007 548.119995 332.510010 296.140015 611.450012
865 288.369995 261.399994 553.169983 335.880005 260.049988 581.349976
866 259.279999 256.959991 619.340027 324.600006 266.190002 608.289978
867 264.149994 263.600006 551.320007 324.790009 290.260010 641.460022
868 260.130005 261.220001 588.729980 329.380005 291.679993 614.919983
869 259.450012 256.600006 605.760010 327.040009 261.779999 598.309998
870 274.049988 259.170013 571.619995 356.170013 262.290009 580.320007
871 265.730011 257.269989 617.510010 332.609985 259.859985 575.570007
872 258.970001 256.339996 567.219971 342.339996 260.820007 612.369995
873 259.910004 274.209991 535.669983 324.480011 259.549988 639.270020
874 263.339996 259.079987 593.099976 324.470001 260.040009 601.299988
875 269.029999 259.630005 617.489990 324.209991 259.510010 583.289978
876 259.450012 259.119995 552.960022 324.489990 259.679993 574.979980
877 259.239990 256.459991 621.289978 353.160004 259.820007 578.190002
878 259.809998 256.829987 598.900024 324.230011 259.540009 610.080017
879 265.440002 271.940002 552.169983 339.559998 273.670013 576.869995
880 259.950012 257.329987 601.739990 325.929993 279.619995 587.539978
881 264.690002 258.700012 569.700012 328.769989 307.420013 581.520020
882 268.510010 285.329987 564.700012 330.190002 259.679993 582.909973
883 263.079987 258.029999 567.770020 365.690002 293.929993 591.090027
884 274.250000 288.140015 577.169983 324.309998 259.500000 575.179993
885 273.320007 256.609985 559.789978 331.869995 259.679993 651.590027
886 259.390015 257.480011 550.419983 340.760010 259.570007 577.020020
887 259.390015 256.880005 599.780029 368.130005 307.700012 608.409973
888 259.450012 256.570007 574.030029 324.829987 259.940002 608.090027
889 259.459991 256.839996 582.229980 324.459991 261.239990 577.820007
890 271.450012 256.579987 601.380005 324.250000 259.589996 575.309998
891 259.579987 259.179993 541.479980 328.200012 276.660004 599.609985
892 276.429993 260.959991 573.869995 328.690002 266.250000 592.700012
893 263.609985 262.399994 609.390015 339.079987 273.179993 588.619995
894 266.279999 258.269989 578.309998 355.940002 260.510010 607.640015
895 260.589996 256.880005 547.510010 353.559998 275.540009 647.859985
896 274.119995 265.220001 559.630005 338.500000 276.559998 602.349976
897 261.320007 259.160004 602.169983 328.010010 263.820007 598.750000
898 274.350006 288.589996 591.229980 328.799988 282.239990 684.469971
899 263.570007 262.540009 597.309998 377.549988 355.279999 637.169983
900 264.690002 263.779999 620.210022 396.820007 298.809998 683.210022
901 277.170013 292.299988 762.390015 435.940002 332.170013 609.359985
902 263.829987 260.399994 591.679993 357.769989 270.209991 624.450012
903 259.339996 256.619995 611.239990 324.160004 259.579987 599.030029
904 269.769989 267.679993 577.489990 333.190002 266.559998 603.929993
905 264.649994 267.359985 577.650024 332.420013 270.040009 595.169983
906 296.320007 265.640015 567.559998 329.730011 273.220001 591.349976
907 273.600006 260.089996 567.710022 331.809998 272.540009 590.409973
908 272.899994 273.700012 594.890015 339.089996 273.899994 591.940002
909 268.820007 264.869995 579.640015 331.250000 283.690002 586.190002
910 264.390015 262.980011 601.330017 328.350006 268.459991 594.609985
911 265.940002 274.859985 594.479980 335.000000 263.040009 586.080017
912 264.470001 258.579987 638.609985 340.000000 264.890015 588.539978
913 271.959991 272.700012 570.390015 348.450012 262.269989 618.109985
914 269.869995 262.299988 573.030029 328.700012 265.000000 600.190002
915 260.920013 257.890015 628.169983 352.269989 267.350006 597.130005
916 265.630005 279.190002 571.460022 333.109985 268.209991 589.710022
917 260.269989 257.019989 552.090027 324.670013 259.609985 575.539978
918 259.000000 259.089996 562.440002 331.679993 265.000000 598.219971
919 268.980011 283.809998 603.340027 330.149994 270.790009 610.780029
920 265.600006 260.640015 588.150024 326.480011 261.070007 581.280029
921 264.109985 259.420013 586.090027 334.679993 274.010010 615.429993
922 264.089996 257.690002 644.530029 355.010010 262.390015 584.169983
923 269.640015 259.619995 568.450012 333.570007 275.119995 606.369995
924 270.059998 263.290009 622.489990 327.619995 261.630005 583.859985
925 266.279999 265.609985 591.150024 344.149994 272.570007 588.960022
926 264.269989 275.329987 579.690002 333.410004 265.350006 587.099976
927 268.470001 259.920013 624.020020 330.989990 273.980011 593.609985
928 270.489990 268.230011 568.419983 356.190002 280.739990 585.710022
929 259.329987 269.910004 606.320007 325.809998 259.369995 575.820007
930 259.380005 257.459991 648.820007 325.140015 259.570007 575.489990
931 258.959991 256.559998 570.950012 324.380005 261.350006 575.869995
932 260.619995 256.920013 594.789978 346.579987 259.410004 576.489990
933 259.500000 256.820007 546.469971 327.200012 259.589996 607.169983
934 259.619995 257.119995 577.080017 324.600006 259.500000 636.500000
935 261.079987 256.720001 594.380005 324.200012 260.290009 593.849976
936 259.809998 256.920013 536.630005 324.380005 259.829987 613.320007
937 259.299988 256.739990 596.030029 326.940002 288.739990 634.059998
938 259.399994 266.119995 626.270020 324.579987 259.670013 631.969971
939 259.209991 256.529999 583.880005 324.390015 259.470001 631.969971
940 262.109985 257.619995 585.409973 324.290009 259.630005 639.289978
941 259.940002 257.100006 588.380005 324.630005 259.660004 663.960022
942 259.119995 264.380005 582.750000 325.760010 259.510010 664.359985
943 311.769989 256.529999 610.260010 324.350006 259.309998 631.669983
944 258.649994 256.029999 601.590027 351.100006 265.089996 661.270020
945 259.510010 257.079987 646.340027 362.450012 265.529999 633.080017
946 259.380005 256.809998 582.210022 325.480011 260.429993 662.330017
947 261.320007 256.779999 560.390015 356.019989 259.799988 670.090027
948 295.829987 284.459991 566.539978 324.179993 261.000000 631.989990
949 259.070007 256.670013 608.669983 324.329987 260.100006 632.950012
950 272.940002 258.350006 556.159973 328.679993 263.359985 633.679993
951 259.600006 257.200012 575.270020 348.820007 259.649994 633.359985
952 259.420013 260.890015 623.299988 326.019989 265.640015 642.359985
953 260.989990 256.679993 594.440002 324.279999 259.440002 633.049988
954 258.820007 256.140015 618.820007 324.399994 259.510010 669.400024
955 259.440002 258.089996 584.330017 346.269989 301.359985 635.359985
956 259.619995 256.869995 574.140015 324.420013 259.619995 633.380005
957 269.779999 287.390015 582.409973 324.359985 260.910004 632.280029
958 291.149994 256.850006 563.890015 355.440002 259.500000 664.960022
959 260.190002 257.720001 620.849976 324.179993 260.010010 633.390015
960 259.559998 256.809998 614.130005 356.440002 259.450012 663.830017
961 258.670013 257.369995 551.950012 357.299988 259.549988 639.109985
962 275.070007 262.390015 650.219971 326.640015 259.890015 639.250000
963 260.839996 257.309998 604.989990 324.670013 263.209991 668.590027
964 260.630005 257.119995 628.210022 324.339996 259.589996 662.799988
965 259.269989 256.640015 593.330017 324.160004 259.640015 632.119995
966 259.220001 257.630005 585.229980 337.679993 260.019989 643.210022
967 287.470001 268.750000 641.979980 330.859985 291.579987 669.450012
968 259.179993 256.799988 607.650024 325.929993 263.820007 666.469971
969 294.959991 256.410004 607.510010 356.529999 260.309998 632.299988
970 259.320007 256.779999 595.320007 324.850006 259.779999 631.979980
971 260.070007 263.970001 679.440002 356.890015 259.750000 668.400024
972 280.140015 257.130005 564.599976 324.500000 296.779999 665.049988
973 259.459991 256.869995 548.500000 327.359985 293.700012 669.549988
974 259.679993 256.929993 620.250000 356.290009 260.799988 637.950012
975 259.480011 257.529999 588.539978 331.049988 265.489990 696.080017
976 263.839996 256.920013 586.619995 324.630005 259.660004 637.559998
977 259.329987 256.549988 607.849976 324.329987 260.160004 672.609985
978 291.380005 257.220001 600.710022 324.470001 261.190002 639.500000
979 290.609985 257.089996 630.159973 329.640015 270.950012 682.690002
980 259.260010 258.910004 589.890015 324.750000 285.529999 645.770020
981 259.500000 256.829987 610.840027 328.190002 282.250000 700.809998
982 295.929993 311.589996 658.150024 358.239990 299.670013 690.580017
983 260.820007 264.019989 660.750000 375.299988 293.369995 722.929993
984 287.679993 315.980011 578.469971 327.559998 272.049988 644.820007
985 261.619995 270.089996 734.690002 360.829987 292.559998 741.080017
986 291.690002 314.130005 665.909973 379.000000 303.010010 690.349976
987 276.649994 317.869995 648.880005 352.809998 308.489990 671.710022
988 259.589996 256.440002 698.760010 339.260010 259.570007 638.289978
989 259.029999 256.579987 624.919983 324.140015 259.769989 677.869995
990 258.940002 256.350006 604.239990 324.339996 259.260010 652.559998
991 259.299988 283.799988 601.809998 331.670013 260.130005 668.559998
992 271.209991 261.940002 647.530029 353.140015 298.410004 641.000000
993 284.239990 266.799988 635.890015 326.549988 259.720001 640.619995
994 259.239990 257.140015 592.380005 324.859985 259.820007 638.000000
995 268.959991 260.040009 632.809998 382.920013 265.410004 638.739990
996 259.200012 256.589996 621.349976 324.350006 290.480011 637.650024
997 259.149994 256.559998 603.820007 327.290009 293.010010 638.169983
998 259.329987 256.410004 669.979980 359.480011 259.549988 637.599976
999 259.140015 262.809998 617.570007 336.970001 264.609985 678.969971
1000 289.899994 270.579987 626.640015 335.950012 264.209991 661.840027
