1 911.419983 936.659973 906.760010 147.679993 938.000000 838.010010
2 882.500000 939.770020 866.390015 149.940002 889.940002 832.789978
3 826.270020 827.159973 861.159973 152.080002 838.380005 787.090027
4 805.979980 822.669983 786.000000 147.490005 802.450012 778.799988
5 713.820007 709.909973 772.409973 158.440002 725.619995 716.739990
6 739.070007 710.590027 771.650024 147.630005 771.530029 726.059998
7 707.960022 769.799988 760.619995 147.419998 743.289978 707.900024
8 714.729980 762.260010 702.020020 146.649994 723.109985 674.820007
9 675.409973 712.440002 689.659973 150.149994 710.489990 613.119995
10 614.820007 614.710022 664.030029 150.860001 638.450012 618.179993
11 664.809998 615.960022 636.190002 147.600006 615.880005 611.239990
12 614.619995 633.539978 673.679993 147.559998 688.830017 624.469971
13 624.200012 616.669983 646.320007 146.910004 683.150024 646.530029
14 614.750000 614.770020 634.919983 147.339996 651.400024 611.239990
15 614.840027 613.979980 635.619995 147.550003 615.469971 613.049988
16 619.919983 646.859985 631.820007 146.600006 616.270020 610.630005
17 646.239990 659.320007 656.859985 147.800003 618.400024 628.859985
18 644.409973 612.989990 604.239990 147.250000 655.640015 593.229980
19 577.070007 592.059998 600.530029 146.910004 578.090027 576.119995
20 540.710022 540.820007 582.130005 146.699997 540.940002 556.169983
21 541.450012 541.270020 590.039978 146.970001 541.000000 543.179993
22 572.179993 547.380005 559.770020 148.020004 543.380005 542.940002
23 542.090027 541.270020 559.020020 147.380005 540.869995 542.760010
24 581.820007 572.429993 563.510010 147.289993 573.000000 542.969971
25 540.359985 542.770020 569.940002 159.160004 618.590027 576.789978
26 562.909973 572.669983 560.909973 146.770004 541.169983 543.469971
27 577.969971 573.239990 590.719971 147.350006 544.679993 589.799988
28 541.020020 541.039978 558.830017 147.550003 576.330017 543.080017
29 570.849976 546.650024 588.909973 147.740005 540.719971 569.729980
30 571.349976 542.489990 621.960022 146.820007 542.080017 543.539978
31 543.539978 563.969971 558.919983 146.910004 542.340027 544.200012
32 580.510010 541.570007 558.340027 176.619995 567.659973 573.840027
33 558.580017 565.489990 586.830017 177.589996 546.000000 544.760010
34 540.909973 540.409973 561.840027 146.919998 543.330017 543.590027
35 540.719971 539.559998 568.229980 146.960007 542.080017 544.679993
36 546.369995 566.700012 560.969971 167.699997 549.640015 542.539978
37 540.929993 540.950012 543.500000 147.429993 565.219971 517.320007
38 569.750000 538.729980 519.289978 147.229996 539.190002 513.409973
39 488.890015 481.700012 490.220001 147.759995 491.600006 503.329987
40 476.760010 507.600006 490.429993 147.070007 507.769989 480.309998
41 479.540009 492.549988 490.149994 147.220001 478.890015 481.450012
42 476.369995 476.019989 490.510010 146.889999 476.769989 484.739990
43 476.279999 476.049988 491.049988 147.679993 477.660004 513.070007
44 477.459991 475.850006 489.779999 146.990005 476.149994 481.910004
45 505.089996 507.540009 493.019989 158.300003 483.559998 546.409973
46 477.049988 506.500000 489.989990 147.410004 486.760010 490.440002
47 491.859985 513.520020 508.440002 156.660004 507.970001 510.649994
48 477.829987 499.179993 515.330017 165.259995 554.440002 536.690002
49 511.850006 487.420013 516.510010 153.169998 490.640015 499.390015
50 498.459991 502.489990 510.010010 153.220001 487.369995 489.600006
51 480.070007 481.570007 516.650024 150.759995 500.059998 492.089996
52 511.470001 507.820007 492.420013 146.580002 503.880005 488.190002
53 475.869995 490.540009 490.540009 146.960007 476.839996 481.709991
54 490.380005 538.130005 509.019989 152.830002 522.359985 484.079987
55 478.200012 477.700012 491.250000 148.830002 477.230011 481.739990
56 478.049988 518.700012 520.640015 153.440002 533.760010 509.410004
57 483.910004 476.130005 491.209991 146.770004 476.799988 482.989990
58 527.909973 509.540009 493.380005 147.289993 481.540009 504.510010
59 494.619995 504.059998 503.500000 160.119995 496.730011 500.480011
60 491.269989 485.720001 500.089996 148.830002 492.320007 502.489990
61 499.619995 496.209991 555.539978 167.839996 489.459991 492.660004
62 500.519989 490.220001 512.030029 156.470001 491.940002 496.579987
63 485.820007 485.459991 513.150024 158.520004 519.760010 506.339996
64 492.130005 486.230011 501.720001 148.600006 484.890015 510.850006
65 493.079987 501.019989 535.380005 158.570007 503.579987 492.820007
66 485.350006 497.589996 513.270020 151.149994 498.500000 497.369995
67 482.059998 491.829987 498.260010 153.539993 492.420013 500.450012
68 498.399994 494.820007 497.309998 148.080002 478.290009 507.269989
69 493.769989 492.970001 507.369995 147.990005 485.869995 500.869995
70 496.850006 503.040009 512.280029 147.949997 487.320007 496.739990
71 490.589996 493.109985 513.080017 153.919998 499.829987 490.750000
72 487.010010 486.369995 514.000000 150.779999 496.929993 513.250000
73 497.089996 484.420013 504.899994 150.289993 517.820007 588.840027
74 606.119995 611.070007 518.969971 156.839996 592.429993 547.979980
75 500.239990 504.929993 520.630005 164.690002 513.989990 506.500000
76 518.099976 513.520020 505.970001 155.630005 494.529999 515.409973
77 487.679993 488.700012 452.790009 146.910004 481.600006 445.369995
78 443.200012 438.609985 486.989990 154.360001 450.040009 449.559998
79 436.700012 436.390015 465.290009 153.399994 440.130005 452.070007
80 455.390015 447.179993 489.959991 165.380005 453.429993 463.820007
81 461.390015 439.140015 450.989990 153.639999 511.320007 452.790009
82 483.209991 586.969971 602.859985 199.460007 504.679993 459.170013
83 469.500000 445.760010 463.089996 161.500000 478.470001 528.789978
84 568.250000 464.109985 442.230011 149.789993 424.899994 437.450012
85 421.540009 466.279999 460.760010 163.440002 459.500000 468.559998
86 459.369995 455.190002 528.919983 161.100006 510.790009 546.630005
87 502.880005 482.540009 479.679993 161.050003 475.609985 504.790009
88 459.239990 485.019989 608.609985 205.809998 525.750000 477.290009
89 420.269989 444.279999 469.359985 155.240005 429.549988 441.709991
90 434.570007 427.709991 536.409973 155.570007 438.890015 432.970001
91 420.429993 426.299988 471.269989 147.279999 450.019989 472.589996
92 420.190002 422.269989 453.160004 158.279999 428.410004 435.160004
93 449.809998 512.270020 477.040009 156.419998 425.260010 459.059998
94 464.140015 418.910004 454.230011 162.059998 426.130005 431.850006
95 445.859985 444.760010 462.970001 157.320007 430.170013 437.420013
96 433.660004 454.500000 443.679993 148.929993 447.070007 489.239990
97 478.959991 470.579987 472.869995 147.639999 453.420013 516.940002
98 471.679993 473.380005 476.690002 179.259995 455.420013 514.820007
99 452.170013 483.679993 504.600006 173.639999 500.140015 489.459991
100 460.950012 455.750000 441.170013 148.500000 504.959991 447.799988
101 416.890015 414.600006 444.089996 156.119995 478.559998 426.660004
102 414.339996 417.299988 461.589996 146.809998 446.579987 455.470001
103 414.359985 414.480011 466.489990 147.380005 414.989990 426.200012
104 414.290009 413.940002 437.630005 146.839996 416.000000 458.079987
105 414.149994 414.089996 432.600006 161.679993 437.859985 439.269989
106 418.519989 415.640015 432.519989 147.210007 424.200012 428.769989
107 447.100006 415.070007 463.619995 147.250000 414.450012 430.589996
108 415.970001 447.160004 432.859985 147.750000 418.260010 478.179993
109 436.059998 426.369995 432.279999 170.339996 479.399994 460.380005
110 436.399994 429.529999 432.899994 147.130005 447.230011 430.600006
111 415.029999 416.320007 462.000000 147.300003 424.679993 447.040009
112 423.720001 443.440002 444.160004 146.529999 416.160004 427.420013
113 418.809998 415.109985 433.160004 146.770004 414.730011 427.049988
114 413.970001 444.609985 451.079987 146.960007 415.089996 436.380005
115 414.470001 419.660004 463.670013 177.440002 421.500000 464.450012
116 448.420013 483.799988 508.029999 190.440002 496.179993 442.359985
117 440.660004 414.989990 438.309998 154.149994 441.500000 441.410004
118 465.920013 426.410004 462.970001 162.270004 466.510010 458.250000
119 445.140015 458.600006 436.769989 148.080002 446.369995 459.239990
120 447.250000 445.970001 468.100006 153.169998 442.470001 443.029999
121 435.880005 422.329987 446.339996 149.649994 449.309998 445.380005
122 433.779999 436.510010 441.429993 148.960007 439.529999 439.910004
123 420.910004 444.640015 465.119995 159.910004 456.799988 481.070007
124 491.510010 527.179993 510.619995 160.820007 420.959991 448.000000
125 423.640015 426.519989 450.230011 150.240005 421.190002 444.470001
126 414.869995 446.170013 462.709991 154.309998 449.040009 465.040009
127 427.329987 445.410004 461.790009 151.309998 472.989990 446.779999
128 464.970001 456.450012 503.730011 149.899994 436.920013 472.850006
129 444.070007 448.630005 450.739990 157.490005 453.350006 455.829987
130 423.790009 485.119995 492.290009 161.580002 507.160004 522.520020
131 559.440002 523.780029 558.719971 170.139999 580.280029 530.479980
132 493.359985 600.760010 583.669983 175.500000 517.340027 512.010010
133 520.609985 495.940002 575.710022 186.720001 502.670013 503.070007
134 488.320007 481.369995 505.750000 171.949997 495.670013 491.970001
135 593.340027 507.510010 505.420013 172.270004 476.059998 517.359985
136 501.890015 445.559998 512.080017 155.710007 415.459991 431.239990
137 458.239990 415.779999 435.929993 175.869995 418.619995 430.500000
138 414.019989 417.549988 518.260010 172.240005 486.720001 574.929993
139 475.190002 487.200012 499.739990 165.259995 474.190002 480.269989
140 420.160004 419.980011 474.420013 150.470001 480.220001 475.119995
141 448.029999 416.609985 436.609985 146.600006 414.760010 431.480011
142 451.380005 465.480011 484.970001 147.889999 435.459991 430.359985
143 413.910004 422.100006 463.959991 182.130005 435.410004 499.320007
144 431.549988 461.380005 436.899994 155.529999 437.589996 473.299988
145 418.649994 415.119995 438.190002 146.800003 414.910004 429.970001
146 414.170013 415.230011 454.880005 146.740005 414.420013 436.910004
147 433.500000 453.850006 436.600006 146.509995 473.420013 465.829987
148 414.070007 413.420013 436.279999 147.309998 415.040009 456.299988
149 418.399994 456.970001 437.029999 146.720001 448.359985 437.950012
150 446.420013 420.760010 498.540009 170.250000 437.950012 448.690002
151 451.130005 481.589996 465.369995 164.289993 486.959991 446.089996
152 489.179993 452.839996 564.700012 197.990005 434.350006 478.760010
153 455.480011 421.579987 460.640015 147.160004 442.339996 475.380005
154 440.690002 428.820007 437.140015 155.990005 429.820007 438.750000
155 431.040009 432.799988 448.290009 149.250000 440.779999 416.160004
156 405.220001 387.989990 399.859985 149.949997 394.660004 423.179993
157 369.399994 369.049988 410.420013 154.600006 364.429993 384.299988
158 364.619995 367.510010 402.209991 148.699997 375.190002 383.420013
159 374.910004 363.700012 386.190002 147.710007 364.519989 409.149994
160 363.089996 360.209991 395.230011 146.880005 359.600006 378.910004
161 365.079987 366.380005 393.929993 150.089996 367.880005 390.290009
162 370.690002 385.380005 398.559998 161.720001 367.079987 385.450012
163 365.970001 366.820007 394.440002 151.759995 367.040009 389.459991
164 368.170013 364.809998 398.209991 149.500000 368.279999 400.029999
165 363.660004 363.980011 391.000000 148.979996 398.670013 395.230011
166 365.799988 365.649994 391.369995 149.160004 379.929993 384.820007
167 367.290009 375.149994 387.459991 155.690002 368.290009 392.549988
168 378.440002 394.869995 390.929993 147.300003 412.100006 383.589996
169 359.950012 386.399994 384.140015 150.360001 359.709991 378.140015
170 358.839996 358.619995 418.309998 152.360001 360.350006 377.320007
171 370.140015 361.470001 383.890015 146.889999 359.649994 377.600006
172 368.730011 388.989990 454.380005 146.789993 359.359985 410.329987
173 358.859985 358.670013 383.720001 147.300003 361.630005 377.989990
174 358.950012 359.279999 384.730011 151.130005 383.790009 385.290009
175 363.579987 359.480011 392.420013 147.179993 359.510010 398.820007
176 388.559998 392.250000 384.100006 147.050003 359.570007 389.059998
177 360.250000 371.329987 419.100006 146.880005 361.700012 409.369995
178 361.299988 360.239990 416.799988 148.449997 359.619995 379.049988
179 359.299988 358.970001 384.320007 146.949997 360.450012 380.130005
180 378.299988 369.000000 384.970001 146.580002 359.149994 377.750000
181 358.720001 358.959991 383.920013 147.139999 359.320007 378.779999
182 358.700012 361.109985 384.700012 150.220001 424.260010 378.140015
183 360.239990 360.019989 383.980011 176.699997 361.989990 379.579987
184 360.470001 391.519989 416.989990 147.130005 359.429993 378.579987
185 368.079987 359.630005 386.989990 151.050003 359.630005 384.869995
186 358.910004 361.670013 419.570007 146.789993 367.829987 412.160004
187 365.959991 384.200012 398.609985 150.979996 392.309998 381.130005
188 364.929993 393.230011 391.559998 147.100006 393.540009 386.970001
189 361.119995 365.230011 410.720001 157.309998 383.890015 391.760010
190 365.480011 392.880005 416.070007 154.729996 359.769989 386.660004
191 392.980011 367.049988 415.589996 147.509995 366.690002 378.440002
192 364.929993 359.209991 388.260010 147.100006 393.440002 384.130005
193 390.700012 391.170013 384.829987 146.949997 392.809998 379.329987
194 390.209991 364.880005 407.010010 165.110001 361.399994 378.850006
195 359.079987 358.760010 386.399994 146.770004 359.640015 378.459991
196 358.670013 359.660004 387.880005 146.830002 359.040009 391.829987
197 364.970001 359.010010 386.279999 161.509995 392.089996 380.049988
198 360.079987 359.649994 385.100006 146.880005 385.970001 382.730011
199 360.209991 359.720001 400.519989 147.009995 360.390015 410.239990
200 391.149994 359.019989 386.829987 146.610001 359.480011 379.920013
201 358.769989 359.079987 387.119995 147.589996 359.760010 381.130005
202 361.140015 391.709991 418.140015 147.570007 361.299988 380.829987
203 364.070007 397.350006 386.489990 146.839996 363.799988 381.739990
204 362.230011 361.619995 386.549988 148.039993 359.640015 378.730011
205 391.420013 364.279999 419.390015 147.240005 359.980011 407.149994
206 397.250000 371.329987 389.350006 174.389999 397.519989 415.119995
207 361.739990 359.839996 387.459991 147.110001 365.540009 409.640015
208 359.380005 359.359985 418.200012 177.619995 360.820007 382.230011
209 359.549988 359.869995 421.799988 146.820007 360.799988 382.769989
210 393.769989 366.049988 396.109985 161.710007 371.679993 389.579987
211 405.100006 372.239990 395.420013 149.419998 373.070007 389.670013
212 394.839996 393.029999 422.970001 153.669998 374.239990 402.329987
213 391.600006 383.450012 412.510010 158.139999 381.119995 405.119995
214 364.410004 374.589996 404.640015 147.669998 362.299988 410.700012
215 366.369995 364.779999 390.809998 146.699997 390.480011 381.470001
216 370.429993 390.399994 389.679993 146.509995 373.899994 390.670013
217 368.390015 392.089996 388.880005 147.479996 359.720001 414.640015
218 391.190002 363.589996 434.709991 146.750000 359.609985 411.660004
219 360.940002 361.730011 425.200012 148.470001 360.420013 382.130005
220 390.809998 359.369995 388.600006 148.320007 374.220001 427.160004
221 392.040009 359.160004 390.040009 146.679993 360.179993 384.399994
222 359.190002 371.230011 389.850006 146.660004 358.910004 381.809998
223 357.799988 357.880005 388.250000 146.929993 359.809998 388.429993
224 394.920013 362.320007 431.850006 147.179993 361.959991 411.029999
225 360.190002 390.959991 422.570007 147.419998 360.059998 381.880005
226 358.779999 358.549988 389.600006 147.619995 375.519989 403.730011
227 360.609985 361.029999 389.829987 147.509995 374.239990 386.899994
228 396.380005 369.739990 396.600006 147.070007 359.589996 392.890015
229 392.190002 365.029999 392.829987 147.020004 366.290009 384.720001
230 363.010010 375.029999 390.660004 149.220001 364.480011 383.920013
231 365.890015 359.920013 397.200012 147.050003 391.839996 396.510010
232 359.959991 369.399994 429.380005 148.339996 359.619995 413.940002
233 359.359985 359.390015 391.119995 146.580002 360.079987 384.059998
234 358.709991 406.489990 523.229980 151.460007 359.529999 384.630005
235 360.079987 361.049988 390.899994 146.929993 359.480011 396.130005
236 359.649994 359.640015 390.339996 146.779999 387.709991 385.230011
237 359.130005 358.720001 390.809998 147.039993 390.839996 443.899994
238 365.260010 416.119995 458.790009 173.630005 426.630005 395.510010
239 404.790009 422.450012 409.529999 179.070007 398.779999 407.570007
240 366.779999 400.049988 466.850006 146.500000 399.600006 401.190002
241 367.359985 410.299988 410.390015 147.789993 389.820007 449.489990
242 398.519989 399.220001 424.540009 149.419998 398.630005 456.519989
243 420.140015 409.190002 430.149994 165.110001 393.149994 432.609985
244 421.869995 424.790009 425.880005 176.039993 408.829987 453.299988
245 388.940002 391.179993 391.859985 148.100006 374.480011 416.720001
246 368.510010 372.510010 424.059998 148.259995 364.769989 397.019989
247 368.410004 363.320007 395.679993 147.320007 360.720001 388.970001
248 370.399994 371.239990 395.799988 151.529999 367.829987 389.299988
249 381.649994 393.109985 407.000000 154.389999 381.730011 394.880005
250 364.119995 366.760010 406.540009 151.059998 379.019989 418.760010
251 375.649994 381.799988 419.570007 153.339996 378.619995 399.920013
252 376.950012 374.839996 405.179993 157.770004 380.220001 409.970001
253 389.119995 365.290009 411.609985 149.720001 376.950012 399.779999
254 367.440002 363.720001 422.510010 150.119995 376.170013 405.959991
255 378.470001 369.940002 405.200012 150.270004 374.559998 392.959991
256 370.899994 370.660004 408.040009 152.860001 377.880005 399.910004
257 363.980011 366.809998 401.720001 148.690002 366.790009 404.089996
258 373.890015 373.450012 407.119995 160.490005 366.660004 392.489990
259 360.119995 361.459991 419.540009 148.000000 372.109985 391.890015
260 367.369995 366.329987 401.100006 154.479996 372.369995 403.820007
261 376.899994 374.890015 401.989990 148.679993 368.260010 396.880005
262 364.380005 376.510010 402.660004 154.889999 376.570007 400.049988
263 373.119995 392.929993 412.359985 152.149994 364.480011 402.850006
264 369.640015 372.410004 417.320007 148.449997 371.549988 405.279999
265 364.959991 366.809998 400.179993 148.059998 375.140015 422.720001
266 373.839996 376.630005 403.459991 156.039993 364.660004 397.470001
267 366.799988 362.970001 412.760010 149.660004 372.339996 401.920013
268 373.480011 392.100006 399.290009 148.649994 370.269989 394.649994
269 378.920013 388.239990 452.260010 151.610001 371.410004 413.010010
270 371.089996 365.799988 395.350006 147.750000 371.589996 402.480011
271 372.049988 363.679993 402.619995 149.630005 375.040009 405.390015
272 369.559998 369.950012 421.910004 149.860001 372.950012 409.070007
273 369.359985 366.440002 397.579987 155.119995 372.399994 405.480011
274 374.279999 371.570007 405.880005 148.539993 373.130005 399.299988
275 364.529999 375.529999 401.279999 155.460007 377.850006 409.700012
276 370.640015 371.709991 398.399994 151.860001 368.149994 395.950012
277 384.489990 369.049988 406.720001 155.210007 379.320007 413.739990
278 363.410004 367.250000 400.119995 148.440002 370.089996 408.149994
279 377.660004 377.989990 416.850006 152.320007 364.380005 399.119995
280 367.179993 364.190002 411.290009 150.309998 376.750000 404.910004
281 368.899994 384.250000 426.950012 173.350006 387.049988 450.390015
282 475.339996 504.720001 564.210022 192.419998 412.109985 432.390015
283 386.980011 385.730011 439.540009 151.929993 392.350006 473.850006
284 399.950012 378.109985 399.369995 182.039993 379.549988 403.320007
285 375.359985 365.540009 407.299988 150.110001 389.450012 392.380005
286 361.529999 371.329987 421.179993 150.020004 375.880005 399.100006
287 383.869995 378.549988 408.959991 147.880005 359.630005 391.380005
288 358.779999 358.380005 397.130005 147.220001 384.529999 395.369995
289 376.529999 437.720001 442.160004 156.009995 388.510010 483.010010
290 419.359985 452.989990 492.540009 173.649994 419.760010 506.709991
291 431.279999 421.709991 456.429993 175.770004 437.589996 474.779999
292 426.130005 428.440002 472.720001 166.649994 413.899994 475.799988
293 431.309998 445.220001 474.440002 168.589996 441.170013 527.039978
294 432.589996 402.690002 454.329987 166.919998 401.720001 471.869995
295 421.059998 421.260010 453.640015 162.160004 415.470001 450.440002
296 419.010010 452.450012 576.969971 229.979996 471.750000 414.519989
297 389.910004 374.779999 424.920013 160.289993 374.290009 401.739990
298 365.940002 372.269989 403.589996 168.919998 366.309998 403.230011
299 365.500000 367.959991 413.880005 149.000000 362.190002 404.609985
300 363.869995 373.459991 422.269989 151.449997 376.980011 430.220001
301 375.910004 371.769989 413.679993 151.369995 367.679993 403.890015
302 363.769989 367.739990 397.380005 176.059998 372.420013 423.880005
303 380.709991 362.880005 402.410004 149.839996 403.920013 441.869995
304 376.790009 398.739990 407.920013 148.850006 413.190002 546.059998
305 505.380005 493.869995 527.539978 176.279999 409.190002 485.829987
306 405.950012 429.899994 443.859985 151.750000 381.130005 412.000000
307 412.700012 427.049988 505.709991 179.529999 437.609985 436.890015
308 360.619995 360.170013 430.239990 147.330002 359.959991 395.640015
309 362.309998 366.559998 417.600006 182.289993 406.390015 418.059998
310 398.690002 390.010010 412.540009 152.440002 371.470001 417.910004
311 383.970001 398.589996 407.420013 157.460007 405.459991 393.399994
312 338.950012 361.320007 355.619995 149.330002 347.380005 393.529999
313 311.260010 313.399994 351.279999 149.619995 337.959991 352.559998
314 321.720001 334.239990 348.679993 150.089996 318.970001 356.540009
315 321.839996 334.839996 373.149994 169.970001 328.329987 359.359985
316 340.640015 316.890015 355.160004 149.570007 309.769989 346.579987
317 306.329987 306.290009 347.649994 146.750000 307.010010 376.179993
318 313.420013 307.559998 348.609985 146.990005 311.119995 406.369995
319 308.130005 307.209991 348.049988 146.470001 338.070007 347.130005
320 306.420013 306.260010 348.040009 147.479996 308.750000 348.950012
321 306.769989 308.350006 356.089996 150.449997 340.769989 372.160004
322 312.700012 306.570007 349.200012 146.800003 306.859985 407.959991
323 307.130005 306.829987 348.309998 146.929993 307.390015 348.570007
324 307.350006 325.149994 385.519989 147.529999 307.970001 347.019989
325 350.329987 325.109985 346.790009 147.160004 307.299988 347.709991
326 339.510010 307.299988 388.570007 149.729996 306.549988 349.799988
327 358.500000 308.989990 346.200012 146.949997 308.250000 349.130005
328 306.630005 306.559998 347.359985 146.929993 307.299988 347.410004
329 307.459991 307.649994 349.329987 146.759995 311.970001 373.470001
330 308.109985 338.929993 379.989990 147.729996 330.570007 388.010010
331 306.950012 307.760010 360.170013 146.929993 307.359985 347.250000
332 325.970001 314.959991 356.119995 186.809998 359.950012 363.989990
333 308.450012 364.390015 390.850006 169.539993 345.119995 417.450012
334 334.869995 360.079987 355.920013 155.779999 330.609985 352.369995
335 342.420013 319.390015 350.559998 157.029999 344.200012 379.859985
336 309.160004 317.910004 382.170013 165.750000 332.739990 348.390015
337 309.910004 330.079987 399.390015 176.610001 310.429993 384.779999
338 311.239990 377.989990 397.989990 167.990005 367.630005 374.450012
339 319.929993 338.779999 370.839996 155.309998 349.279999 394.309998
340 338.390015 307.179993 403.500000 158.309998 331.130005 388.339996
341 323.660004 308.540009 371.500000 146.869995 307.260010 347.429993
342 306.429993 325.230011 376.619995 146.970001 307.369995 346.850006
343 328.690002 314.269989 352.250000 146.580002 308.540009 384.559998
344 337.989990 320.239990 368.950012 146.770004 307.359985 375.420013
345 344.489990 306.910004 349.429993 147.210007 307.790009 379.640015
346 307.519989 339.000000 349.790009 147.050003 307.269989 350.399994
347 306.589996 306.489990 348.700012 147.059998 311.209991 373.910004
348 307.529999 307.190002 347.220001 146.860001 321.690002 350.359985
349 337.609985 307.179993 383.019989 146.470001 309.579987 385.070007
350 326.529999 336.480011 382.329987 159.740005 310.739990 362.149994
351 306.970001 306.859985 357.320007 147.529999 307.390015 378.269989
352 306.480011 327.859985 350.549988 147.220001 306.529999 349.369995
353 306.309998 331.820007 371.869995 147.259995 308.320007 381.839996
354 321.170013 307.619995 352.700012 146.529999 307.359985 383.869995
355 306.529999 309.070007 377.589996 146.509995 331.670013 417.130005
356 313.279999 312.010010 382.549988 147.639999 307.109985 352.459991
357 307.070007 306.519989 352.950012 146.789993 307.220001 351.369995
358 308.510010 307.429993 350.429993 148.160004 315.190002 389.179993
359 345.170013 306.850006 351.910004 150.500000 328.549988 360.029999
360 329.730011 328.260010 358.450012 151.850006 323.239990 400.589996
361 314.019989 319.679993 375.320007 153.300003 316.589996 407.950012
362 347.000000 335.089996 369.390015 148.440002 362.380005 447.399994
363 343.809998 356.709991 377.950012 146.520004 341.799988 356.549988
364 307.920013 307.559998 353.230011 148.910004 316.019989 387.750000
365 308.720001 327.890015 362.350006 147.059998 317.130005 356.769989
366 308.839996 332.519989 398.380005 154.679993 326.970001 362.709991
367 345.019989 311.260010 360.489990 149.300003 313.799988 389.859985
368 326.109985 319.649994 364.459991 150.240005 312.500000 412.220001
369 408.190002 431.809998 414.660004 160.119995 341.010010 355.130005
370 323.070007 316.100006 364.489990 152.029999 333.630005 369.339996
371 317.179993 312.829987 358.940002 146.610001 307.839996 363.670013
372 338.410004 310.350006 360.390015 148.669998 316.850006 373.670013
373 316.429993 315.480011 362.339996 150.600006 317.750000 381.850006
374 327.720001 353.690002 382.209991 154.160004 320.029999 358.269989
375 344.380005 314.049988 356.940002 146.580002 318.709991 356.880005
376 309.959991 310.160004 362.799988 152.330002 331.690002 372.170013
377 329.640015 321.279999 366.820007 147.550003 309.119995 358.200012
378 312.859985 316.489990 368.079987 151.059998 316.179993 389.079987
379 394.589996 341.959991 385.510010 151.360001 319.149994 366.420013
380 340.130005 380.369995 412.359985 171.070007 369.679993 424.279999
381 390.200012 358.820007 366.640015 150.130005 307.070007 387.579987
382 314.440002 339.079987 374.820007 172.250000 351.589996 385.940002
383 339.339996 317.170013 363.299988 147.860001 313.119995 365.209991
384 318.600006 330.660004 364.320007 156.520004 315.850006 370.329987
385 322.350006 323.230011 375.130005 155.550003 315.880005 364.049988
386 316.600006 327.170013 364.260010 149.880005 315.260010 366.190002
387 321.700012 341.839996 379.769989 152.529999 319.709991 363.980011
388 347.920013 318.890015 357.399994 146.880005 307.049988 353.359985
389 307.220001 307.320007 367.519989 146.839996 307.179993 358.760010
390 339.950012 308.570007 386.359985 147.869995 308.869995 353.619995
391 306.510010 306.399994 354.160004 147.220001 307.420013 354.279999
392 312.140015 330.299988 387.950012 169.729996 342.600006 376.350006
393 318.019989 322.459991 360.299988 148.059998 319.440002 375.079987
394 315.970001 316.149994 370.600006 151.270004 316.899994 367.880005
395 312.970001 331.450012 399.339996 155.570007 339.019989 383.589996
396 325.920013 365.730011 420.299988 146.720001 351.829987 388.690002
397 359.910004 348.320007 389.700012 151.250000 307.700012 364.000000
398 338.510010 311.869995 386.500000 153.839996 337.429993 416.350006
399 363.570007 349.820007 369.739990 167.500000 352.829987 422.079987
400 332.769989 369.970001 383.769989 180.429993 337.950012 418.079987
401 347.130005 322.399994 400.910004 175.669998 343.700012 392.329987
402 319.140015 314.119995 406.839996 147.369995 336.480011 404.480011
403 327.019989 354.619995 389.619995 159.330002 331.279999 381.470001
404 311.390015 333.209991 356.279999 147.589996 316.459991 389.890015
405 333.929993 343.390015 379.799988 158.940002 311.029999 380.570007
406 339.019989 347.170013 393.670013 155.320007 359.140015 360.420013
407 338.029999 333.839996 364.130005 147.539993 346.519989 388.429993
408 340.079987 323.940002 356.750000 167.190002 344.600006 378.829987
409 317.769989 321.239990 357.739990 147.250000 306.269989 381.670013
410 349.019989 339.920013 395.029999 147.009995 354.220001 365.390015
411 307.140015 307.489990 388.720001 181.550003 355.579987 459.149994
412 356.290009 349.279999 372.230011 148.149994 356.790009 366.950012
413 330.410004 371.040009 416.839996 206.320007 383.769989 395.570007
414 339.510010 371.440002 474.920013 174.679993 438.920013 404.850006
415 334.059998 330.809998 394.929993 167.910004 324.959991 403.019989
416 317.899994 337.369995 362.079987 149.570007 316.989990 374.380005
417 327.070007 321.790009 374.070007 148.149994 320.170013 375.209991
418 322.200012 336.140015 427.950012 167.809998 317.010010 387.529999
419 307.260010 313.440002 360.190002 147.800003 308.839996 387.839996
420 320.609985 317.350006 382.459991 153.479996 338.260010 398.239990
421 352.940002 310.600006 374.660004 148.610001 315.839996 371.839996
422 317.679993 324.899994 394.670013 165.100006 349.500000 400.130005
423 372.429993 332.690002 399.179993 147.100006 308.619995 356.130005
424 306.750000 306.799988 359.559998 146.940002 307.899994 359.869995
425 311.429993 324.600006 382.459991 152.860001 333.089996 364.839996
426 320.609985 335.450012 366.739990 158.529999 317.239990 397.940002
427 339.390015 313.609985 373.660004 156.789993 391.850006 456.540009
428 350.130005 317.809998 393.809998 160.919998 377.519989 387.350006
429 321.619995 338.140015 386.160004 151.729996 317.100006 377.299988
430 315.850006 339.440002 366.209991 150.460007 347.420013 370.140015
431 342.209991 408.160004 445.450012 163.059998 316.809998 358.220001
432 307.579987 307.690002 388.790009 157.940002 322.880005 366.239990
433 314.019989 319.140015 383.940002 149.380005 314.190002 365.739990
434 313.059998 314.160004 385.579987 149.220001 343.630005 370.910004
435 325.309998 318.779999 388.179993 149.259995 309.070007 363.040009
436 308.579987 309.230011 395.720001 150.160004 308.869995 359.380005
437 307.170013 308.700012 360.510010 147.029999 330.880005 364.130005
438 307.679993 306.880005 362.130005 146.729996 308.010010 363.109985
439 337.190002 316.040009 420.609985 147.339996 330.589996 399.200012
440 306.899994 309.049988 392.399994 154.809998 319.290009 390.220001
441 306.820007 311.019989 388.720001 146.500000 309.119995 362.540009
442 307.070007 306.790009 361.059998 147.009995 307.359985 390.630005
443 306.540009 306.940002 395.850006 147.259995 307.329987 390.019989
444 307.709991 308.350006 357.549988 177.410004 346.760010 363.600006
445 309.000000 308.489990 383.529999 163.050003 313.059998 390.029999
446 319.339996 329.540009 374.350006 169.679993 317.660004 387.019989
447 340.820007 307.029999 401.049988 153.750000 317.299988 389.750000
448 310.040009 338.239990 389.429993 175.990005 342.600006 389.519989
449 308.470001 307.459991 362.149994 146.770004 307.220001 358.019989
450 306.989990 337.239990 363.480011 180.630005 308.239990 359.720001
451 306.519989 311.059998 359.660004 147.270004 313.500000 358.880005
452 306.690002 307.420013 361.859985 146.949997 326.790009 372.500000
453 314.929993 313.079987 364.619995 147.589996 307.049988 390.579987
454 307.250000 338.540009 389.390015 151.130005 307.160004 357.799988
455 307.059998 339.500000 369.540009 146.880005 337.559998 360.579987
456 307.799988 306.720001 362.760010 146.509995 307.940002 374.059998
457 317.730011 306.750000 357.450012 147.460007 307.720001 387.570007
458 307.540009 307.070007 393.640015 146.610001 339.010010 365.679993
459 308.440002 307.940002 386.809998 156.119995 327.160004 370.750000
460 307.369995 338.579987 363.079987 147.440002 307.489990 390.790009
461 309.940002 309.480011 372.609985 149.770004 315.660004 385.660004
462 321.160004 312.279999 396.750000 148.899994 315.649994 373.049988
463 333.920013 336.929993 375.890015 157.929993 333.559998 387.029999
464 310.160004 308.920013 363.910004 146.789993 329.100006 368.940002
465 338.109985 307.470001 360.730011 150.110001 309.339996 391.950012
466 320.859985 348.309998 375.350006 147.080002 313.730011 364.609985
467 311.929993 335.910004 416.049988 159.139999 321.450012 375.390015
468 320.540009 312.760010 369.089996 148.990005 314.929993 386.459991
469 319.500000 338.160004 412.140015 153.229996 318.390015 393.410004
470 322.100006 318.920013 409.529999 153.330002 346.359985 388.250000
471 317.760010 356.160004 384.209991 153.880005 332.079987 459.230011
472 385.260010 340.880005 415.649994 171.889999 378.899994 463.880005
473 366.040009 340.859985 400.470001 158.070007 326.519989 387.459991
474 334.880005 320.750000 392.570007 159.720001 334.329987 377.679993
475 327.489990 329.320007 377.839996 173.490005 326.519989 455.570007
476 314.440002 334.890015 396.420013 151.100006 318.779999 396.829987
477 385.700012 342.820007 462.579987 148.460007 310.130005 366.000000
478 308.040009 339.309998 365.040009 147.750000 308.399994 363.660004
479 307.899994 307.720001 366.470001 146.669998 308.570007 390.510010
480 310.589996 308.040009 389.820007 146.570007 333.140015 368.480011
481 307.359985 307.489990 362.700012 165.619995 311.089996 363.769989
482 333.369995 319.480011 367.109985 147.380005 357.269989 378.470001
483 316.579987 342.359985 419.470001 165.960007 368.239990 398.989990
484 306.950012 308.720001 366.109985 146.820007 308.350006 394.089996
485 308.019989 307.000000 370.010010 146.479996 307.410004 362.500000
486 306.660004 335.760010 374.369995 167.559998 319.320007 363.299988
487 306.390015 316.739990 367.399994 148.300003 338.109985 387.390015
488 315.989990 347.269989 369.970001 149.940002 313.839996 400.570007
489 329.070007 319.179993 402.779999 151.380005 331.000000 395.339996
490 307.019989 307.690002 366.010010 146.520004 307.059998 363.920013
491 370.529999 338.959991 366.690002 155.059998 315.200012 378.720001
492 307.170013 307.670013 404.970001 148.210007 320.739990 398.660004
493 362.910004 318.500000 398.459991 146.619995 308.899994 368.100006
494 306.640015 339.350006 369.200012 146.520004 340.390015 389.529999
495 311.869995 348.049988 365.160004 146.509995 328.309998 372.890015
496 307.250000 307.089996 366.049988 147.339996 311.440002 374.510010
497 332.480011 329.040009 383.989990 148.820007 315.260010 378.609985
498 321.540009 322.179993 385.619995 151.410004 324.250000 389.049988
499 321.040009 325.029999 384.600006 160.770004 332.149994 381.660004
500 318.519989 323.980011 401.709991 152.990005 316.040009 379.820007
501 313.380005 310.359985 428.559998 154.570007 343.880005 386.660004
502 321.779999 320.529999 431.649994 174.350006 316.559998 362.839996
503 306.880005 312.190002 372.980011 146.929993 308.029999 394.029999
504 307.420013 306.929993 405.549988 147.919998 341.010010 389.359985
505 329.019989 309.339996 399.290009 146.539993 309.309998 366.269989
506 313.670013 334.940002 402.380005 153.429993 326.299988 372.730011
507 327.709991 375.970001 453.739990 162.339996 327.559998 392.570007
508 365.399994 325.489990 391.670013 148.490005 322.980011 396.940002
509 323.779999 319.890015 395.709991 150.119995 318.929993 401.140015
510 336.589996 349.059998 394.600006 155.500000 375.440002 377.510010
511 308.880005 310.140015 369.839996 147.979996 307.089996 395.600006
512 307.869995 306.869995 366.119995 147.380005 322.869995 386.109985
513 316.890015 328.290009 401.049988 150.630005 318.579987 385.140015
514 316.160004 307.109985 377.220001 146.559998 307.190002 392.190002
515 327.250000 306.940002 397.519989 146.610001 307.250000 363.059998
516 333.079987 312.230011 395.059998 148.550003 307.320007 363.279999
517 306.760010 307.070007 361.880005 147.080002 310.100006 363.799988
518 307.109985 307.149994 370.119995 153.309998 307.950012 362.660004
519 327.839996 321.299988 377.660004 179.020004 308.290009 363.390015
520 308.040009 307.279999 364.959991 146.759995 340.929993 362.739990
521 306.989990 317.570007 389.290009 178.570007 307.380005 385.250000
522 335.859985 308.950012 401.869995 146.580002 363.799988 376.809998
523 327.980011 327.679993 386.890015 164.589996 330.929993 389.670013
524 312.970001 338.869995 397.119995 149.990005 322.660004 374.369995
525 333.880005 337.290009 409.799988 209.350006 364.649994 384.260010
526 317.750000 331.709991 405.829987 150.369995 320.140015 405.660004
527 318.429993 307.160004 372.480011 148.009995 335.239990 362.609985
528 335.890015 308.119995 365.089996 147.539993 307.880005 363.730011
529 329.140015 313.459991 399.910004 147.089996 338.510010 365.420013
530 310.910004 317.600006 380.670013 162.350006 329.529999 385.079987
531 311.510010 339.160004 379.440002 148.250000 322.609985 371.750000
532 341.070007 312.589996 384.070007 148.199997 378.399994 425.679993
533 363.779999 321.670013 403.029999 180.750000 323.820007 395.359985
534 337.980011 328.410004 406.829987 153.419998 319.619995 385.359985
535 342.959991 325.980011 395.720001 157.490005 325.529999 392.570007
536 314.450012 350.269989 390.690002 149.309998 356.690002 397.940002
537 321.799988 326.799988 422.839996 155.830002 318.250000 380.869995
538 324.369995 317.250000 395.160004 148.770004 345.070007 393.480011
539 329.950012 323.179993 437.140015 165.649994 329.619995 387.720001
540 316.149994 329.149994 391.950012 156.830002 322.359985 407.160004
541 311.040009 319.290009 387.269989 154.860001 326.500000 385.359985
542 316.190002 321.089996 387.070007 151.050003 352.359985 379.220001
543 316.959991 437.290009 397.089996 147.210007 309.079987 387.760010
544 331.250000 324.989990 433.489990 147.339996 314.369995 367.100006
545 312.239990 320.869995 400.309998 158.360001 331.790009 377.769989
546 333.230011 320.589996 380.010010 149.970001 316.579987 369.929993
547 324.609985 317.209991 378.059998 149.800003 312.940002 362.399994
548 306.660004 319.200012 374.750000 147.009995 307.359985 363.940002
549 348.369995 310.480011 385.489990 156.850006 313.059998 363.390015
550 306.950012 329.179993 388.359985 146.990005 311.489990 418.859985
551 310.390015 309.320007 373.839996 149.910004 314.040009 363.390015
552 307.119995 307.119995 367.570007 147.320007 306.540009 364.609985
553 339.290009 307.230011 378.690002 146.880005 307.160004 363.510010
554 340.589996 323.670013 378.910004 147.029999 307.190002 362.829987
555 310.660004 306.989990 405.200012 146.770004 307.529999 362.399994
556 306.630005 306.250000 369.730011 147.199997 307.489990 364.760010
557 322.290009 309.989990 401.559998 146.630005 307.309998 362.739990
558 307.549988 337.359985 434.690002 146.649994 307.149994 362.239990
559 306.380005 306.799988 375.380005 146.570007 310.100006 377.559998
560 314.000000 310.140015 385.279999 151.699997 342.529999 392.720001
561 329.950012 339.779999 384.040009 153.399994 314.529999 375.250000
562 310.160004 326.299988 393.160004 149.860001 310.390015 366.429993
563 313.839996 309.670013 383.500000 148.250000 317.600006 370.839996
564 338.309998 313.019989 406.239990 155.179993 315.730011 382.010010
565 317.200012 329.019989 392.179993 149.740005 338.839996 374.000000
566 331.329987 333.559998 393.029999 151.410004 319.309998 401.380005
567 327.890015 320.959991 387.929993 151.610001 328.480011 376.290009
568 330.890015 320.250000 397.649994 151.869995 325.170013 381.000000
569 318.140015 329.890015 379.459991 148.250000 313.440002 373.420013
570 314.869995 324.079987 386.730011 154.210007 310.149994 377.140015
571 311.920013 351.170013 428.589996 176.979996 334.359985 417.529999
572 319.070007 307.859985 403.529999 148.690002 308.529999 363.850006
573 307.859985 306.640015 369.929993 146.559998 307.140015 362.170013
574 307.260010 340.220001 402.410004 147.610001 307.239990 362.959991
575 307.630005 340.049988 399.320007 147.029999 307.380005 395.119995
576 308.649994 307.170013 408.890015 146.570007 307.220001 369.700012
577 308.920013 307.149994 373.850006 146.919998 307.350006 366.690002
578 306.700012 306.540009 374.630005 146.940002 307.140015 366.959991
579 307.450012 338.690002 408.570007 151.460007 308.190002 366.769989
580 306.589996 306.399994 376.890015 146.570007 307.859985 367.049988
581 306.660004 306.630005 378.619995 147.729996 308.670013 366.950012
582 306.380005 337.670013 376.959991 146.800003 339.399994 368.459991
583 307.089996 307.149994 373.959991 147.500000 307.079987 367.829987
584 305.890015 313.980011 402.209991 146.910004 307.100006 367.559998
585 308.329987 308.079987 404.160004 146.539993 307.470001 368.510010
586 306.660004 306.630005 374.209991 146.779999 307.179993 370.309998
587 307.799988 339.600006 386.420013 147.990005 310.850006 371.489990
588 308.829987 307.239990 406.940002 151.440002 339.070007 370.500000
589 307.890015 335.500000 375.049988 147.210007 307.170013 399.989990
590 306.640015 307.260010 374.630005 146.880005 331.079987 410.450012
591 306.200012 306.839996 378.290009 146.690002 307.029999 399.950012
592 323.390015 317.619995 379.510010 173.100006 314.149994 399.130005
593 339.079987 307.269989 406.089996 146.830002 311.000000 397.049988
594 307.119995 306.920013 379.410004 146.869995 309.929993 369.140015
595 331.920013 316.369995 383.119995 171.750000 315.549988 379.000000
596 346.380005 314.089996 403.920013 151.639999 347.290009 369.799988
597 307.549988 306.839996 383.910004 147.960007 318.579987 371.980011
598 332.500000 337.709991 408.880005 147.990005 328.690002 368.029999
599 313.250000 339.299988 375.779999 146.619995 314.459991 377.570007
600 306.829987 306.720001 379.470001 147.389999 308.440002 372.869995
601 307.200012 307.640015 379.690002 147.220001 310.239990 373.980011
602 306.829987 306.290009 385.309998 148.339996 308.690002 402.239990
603 321.890015 307.600006 382.089996 146.580002 336.709991 372.260010
604 306.779999 306.760010 388.190002 172.270004 308.709991 401.160004
605 306.989990 314.910004 417.880005 171.100006 308.619995 368.730011
606 311.570007 337.220001 407.329987 157.449997 307.209991 367.760010
607 306.380005 306.820007 379.359985 148.149994 322.070007 376.029999
608 344.029999 311.470001 381.779999 147.179993 311.510010 408.339996
609 308.420013 307.299988 372.769989 147.000000 307.079987 367.989990
610 307.320007 310.959991 414.790009 156.720001 340.309998 368.670013
611 307.149994 307.200012 379.100006 148.600006 319.869995 372.109985
612 308.730011 306.820007 405.709991 148.130005 307.640015 368.920013
613 339.799988 306.970001 382.839996 150.289993 307.380005 367.820007
614 306.649994 306.589996 415.309998 157.839996 307.299988 367.679993
615 306.329987 319.959991 398.160004 146.869995 308.190002 396.519989
616 339.220001 343.720001 421.869995 147.080002 308.209991 378.950012
617 308.559998 307.959991 394.559998 152.039993 322.500000 404.940002
618 342.399994 316.700012 406.290009 156.039993 321.839996 412.029999
619 328.649994 326.619995 383.929993 154.759995 311.920013 381.660004
620 312.059998 339.880005 381.750000 147.550003 332.029999 377.190002
621 306.700012 337.429993 381.649994 179.100006 308.880005 401.619995
622 307.679993 339.250000 405.130005 160.419998 310.350006 370.970001
623 310.420013 338.040009 397.720001 150.520004 322.010010 375.010010
624 325.059998 330.540009 370.660004 157.479996 342.179993 355.029999
625 262.809998 268.019989 349.600006 156.380005 309.690002 400.309998
626 294.019989 271.959991 373.130005 153.479996 261.529999 329.000000
627 270.190002 276.010010 342.600006 154.250000 272.119995 344.859985
628 269.299988 271.250000 342.859985 152.070007 267.380005 332.089996
629 262.220001 261.010010 352.130005 150.800003 286.619995 340.739990
630 336.399994 343.000000 348.730011 147.440002 265.010010 363.690002
631 281.329987 286.049988 347.380005 153.529999 265.609985 344.410004
632 266.480011 278.260010 374.510010 153.919998 274.429993 337.890015
633 305.440002 287.640015 380.820007 208.630005 258.239990 325.109985
634 283.179993 288.769989 347.279999 155.889999 278.980011 361.850006
635 284.829987 279.480011 340.489990 149.119995 261.950012 332.760010
636 281.529999 263.649994 350.540009 148.729996 272.640015 337.589996
637 271.540009 263.739990 338.269989 154.220001 265.399994 334.010010
638 291.570007 261.660004 340.279999 150.100006 265.600006 348.820007
639 272.260010 270.760010 337.380005 147.179993 257.209991 324.350006
640 256.609985 258.089996 374.190002 173.690002 259.239990 346.790009
641 267.059998 257.329987 331.089996 147.160004 257.760010 355.010010
642 258.250000 289.429993 329.850006 169.830002 265.829987 323.279999
643 257.640015 256.420013 334.589996 147.589996 257.769989 323.220001
644 256.089996 287.420013 359.350006 146.589996 257.670013 323.359985
645 288.429993 257.480011 337.760010 155.440002 257.299988 324.559998
646 265.839996 265.589996 350.040009 149.240005 282.329987 333.079987
647 291.559998 265.519989 356.160004 148.389999 280.820007 341.079987
648 270.630005 283.220001 348.359985 153.309998 279.690002 334.010010
649 264.459991 280.540009 366.850006 146.889999 257.140015 322.390015
650 256.049988 258.179993 334.989990 147.410004 263.920013 349.450012
651 288.640015 256.339996 333.779999 146.830002 256.980011 322.809998
652 256.309998 256.709991 334.709991 177.809998 291.149994 356.170013
653 276.750000 262.709991 335.690002 150.399994 290.220001 323.869995
654 269.350006 258.570007 338.600006 157.740005 277.239990 343.309998
655 290.600006 257.059998 336.440002 178.100006 274.869995 323.179993
656 256.440002 256.679993 344.140015 179.059998 287.850006 324.750000
657 256.859985 256.399994 340.619995 150.990005 258.880005 353.880005
658 278.820007 288.010010 333.980011 176.419998 257.839996 367.570007
659 265.739990 269.640015 330.239990 176.139999 260.579987 350.140015
660 257.510010 257.399994 332.940002 147.490005 257.049988 322.459991
661 256.010010 288.559998 330.190002 146.600006 257.459991 325.200012
662 256.429993 260.410004 340.820007 147.320007 259.609985 325.410004
663 260.829987 281.959991 329.929993 170.479996 265.179993 324.730011
664 256.339996 268.929993 335.440002 146.600006 288.100006 322.790009
665 256.459991 256.209991 391.859985 147.610001 278.000000 325.149994
666 262.369995 258.529999 346.779999 167.250000 256.929993 350.140015
667 259.549988 287.480011 342.679993 147.080002 258.679993 338.339996
668 264.260010 258.339996 350.059998 149.199997 287.859985 329.059998
669 257.269989 258.119995 342.480011 149.250000 269.679993 345.579987
670 261.809998 266.390015 340.600006 147.339996 259.209991 326.470001
671 256.959991 256.010010 333.040009 158.720001 257.070007 325.450012
672 256.220001 256.470001 372.480011 146.619995 278.489990 333.910004
673 256.369995 255.949997 391.809998 150.550003 272.540009 345.630005
674 273.980011 292.690002 345.660004 149.660004 257.529999 337.540009
675 288.040009 260.019989 347.459991 147.089996 257.679993 324.010010
676 287.579987 287.410004 332.589996 146.809998 257.750000 322.529999
677 256.019989 289.890015 371.320007 158.570007 259.640015 323.179993
678 256.269989 256.760010 334.899994 147.130005 257.059998 322.380005
679 256.500000 257.899994 372.920013 148.169998 290.119995 322.299988
680 257.200012 256.480011 337.609985 146.710007 258.309998 322.660004
681 256.359985 307.410004 347.839996 147.210007 257.010010 356.320007
682 256.339996 256.260010 343.730011 146.710007 270.989990 349.040009
683 260.239990 265.329987 371.690002 147.479996 290.390015 342.519989
684 288.500000 263.540009 375.429993 177.479996 261.700012 324.429993
685 259.559998 258.950012 347.809998 165.889999 261.739990 336.579987
686 273.869995 266.820007 347.850006 152.130005 287.660004 346.130005
687 283.929993 262.279999 348.070007 185.740005 335.070007 357.040009
688 262.579987 274.500000 365.579987 156.259995 296.149994 348.959991
689 296.320007 296.600006 390.019989 167.960007 287.700012 334.570007
690 263.209991 271.059998 371.660004 150.320007 270.540009 343.489990
691 308.299988 296.679993 391.899994 201.539993 283.959991 324.220001
692 256.619995 256.540009 340.529999 147.220001 260.600006 336.820007
693 282.989990 275.049988 370.170013 153.940002 268.720001 340.540009
694 274.339996 284.609985 375.079987 170.610001 277.630005 335.369995
695 265.410004 342.040009 425.929993 159.330002 270.640015 353.070007
696 302.230011 295.179993 400.160004 171.679993 293.910004 353.320007
697 278.630005 270.320007 357.809998 155.600006 264.609985 338.160004
698 268.549988 256.730011 343.209991 147.669998 257.500000 325.609985
699 285.809998 285.950012 388.739990 150.070007 271.640015 329.429993
700 257.269989 257.100006 348.089996 156.080002 267.559998 322.549988
701 256.200012 256.160004 380.809998 151.669998 308.579987 341.209991
702 256.739990 256.500000 361.989990 156.100006 257.410004 331.260010
703 288.600006 256.290009 345.220001 177.160004 285.609985 339.820007
704 256.070007 256.799988 360.690002 154.419998 257.500000 330.549988
705 256.250000 256.380005 333.250000 146.899994 289.489990 332.630005
706 268.070007 274.769989 373.149994 173.449997 275.790009 331.489990
707 256.540009 256.559998 361.429993 151.029999 258.019989 331.880005
708 257.940002 283.410004 362.450012 148.440002 258.869995 334.140015
709 268.149994 263.059998 368.920013 167.039993 279.019989 356.329987
710 267.239990 263.589996 348.359985 149.710007 267.529999 341.660004
711 266.279999 264.529999 348.920013 152.050003 267.609985 349.320007
712 268.390015 269.549988 376.579987 164.729996 280.269989 345.480011
713 262.820007 265.109985 358.269989 156.979996 272.429993 351.839996
714 264.359985 268.019989 346.250000 152.240005 266.670013 344.739990
715 265.029999 271.299988 357.269989 157.440002 269.109985 344.420013
716 267.399994 267.390015 346.720001 149.320007 262.929993 338.079987
717 260.950012 258.619995 346.040009 150.919998 263.970001 338.380005
718 264.250000 261.619995 360.109985 148.619995 261.570007 341.510010
719 261.540009 275.269989 348.899994 150.919998 261.350006 351.029999
720 259.670013 257.839996 379.739990 152.270004 262.579987 348.579987
721 272.359985 287.649994 376.260010 146.800003 257.299988 330.859985
722 256.309998 256.220001 338.260010 178.259995 259.869995 350.730011
723 259.170013 256.529999 340.100006 146.649994 290.619995 339.769989
724 256.260010 262.540009 357.260010 172.929993 258.660004 330.410004
725 271.070007 294.269989 375.579987 146.669998 288.579987 337.160004
726 267.260010 264.690002 349.359985 150.259995 271.660004 353.179993
727 280.190002 263.000000 357.799988 147.380005 317.000000 358.649994
728 263.279999 257.720001 342.149994 147.130005 256.929993 333.980011
729 257.200012 256.940002 344.500000 148.110001 263.859985 361.570007
730 256.160004 257.649994 381.609985 151.160004 271.619995 340.410004
731 266.269989 283.040009 371.730011 147.100006 258.299988 343.140015
732 297.290009 257.799988 337.829987 148.750000 315.920013 353.480011
733 256.640015 256.350006 346.869995 146.979996 257.160004 341.730011
734 256.200012 256.790009 346.040009 147.050003 257.070007 342.489990
735 288.429993 256.279999 340.829987 146.830002 257.100006 340.519989
736 255.880005 256.010010 391.690002 146.889999 256.980011 339.809998
737 256.079987 258.089996 379.230011 146.740005 259.070007 376.519989
738 287.329987 258.279999 343.760010 146.990005 258.750000 347.709991
739 259.179993 266.010010 370.640015 147.940002 256.850006 356.220001
740 256.350006 256.410004 369.619995 146.550003 257.339996 339.970001
741 256.709991 256.200012 382.250000 147.160004 257.480011 340.529999
742 256.190002 257.140015 358.299988 150.259995 272.390015 376.250000
743 267.000000 262.640015 367.920013 158.460007 278.529999 373.049988
744 269.779999 269.420013 354.350006 150.550003 266.600006 352.250000
745 263.100006 264.640015 360.500000 148.750000 263.630005 348.459991
746 264.980011 263.140015 347.850006 176.449997 263.399994 354.019989
747 258.970001 263.500000 349.709991 146.960007 258.079987 340.579987
748 256.070007 257.179993 346.320007 147.669998 286.510010 340.119995
749 280.910004 268.250000 376.450012 173.979996 298.859985 399.970001
750 294.260010 272.299988 371.209991 172.190002 297.859985 371.200012
751 293.359985 314.239990 391.679993 150.809998 290.290009 407.279999
752 310.059998 298.329987 378.070007 180.600006 285.670013 378.660004
753 268.989990 257.730011 355.059998 165.990005 298.059998 386.709991
754 286.970001 293.179993 399.679993 196.440002 293.399994 389.809998
755 284.250000 291.170013 394.899994 154.919998 272.880005 370.790009
756 297.369995 292.790009 371.170013 177.940002 294.350006 376.130005
757 263.839996 283.440002 353.100006 150.410004 297.989990 374.320007
758 262.540009 258.130005 348.489990 150.850006 257.380005 340.429993
759 270.079987 257.429993 347.119995 156.160004 278.149994 363.890015
760 258.369995 260.329987 352.290009 149.429993 274.359985 340.809998
761 258.980011 282.529999 358.089996 148.089996 263.760010 340.160004
762 257.029999 261.630005 379.820007 146.589996 290.339996 380.540009
763 256.269989 265.399994 348.309998 147.059998 262.149994 373.470001
764 286.299988 263.230011 378.359985 146.559998 260.809998 362.410004
765 278.890015 272.540009 373.420013 152.029999 259.720001 378.350006
766 257.700012 258.859985 371.089996 153.240005 256.929993 347.160004
767 257.070007 256.450012 384.619995 146.550003 256.630005 347.850006
768 257.529999 273.700012 395.059998 176.910004 258.750000 347.720001
769 256.910004 288.940002 358.049988 150.610001 258.890015 354.470001
770 280.549988 256.190002 347.679993 147.179993 257.260010 403.250000
771 256.850006 257.220001 366.239990 146.699997 256.839996 365.670013
772 292.880005 263.640015 352.329987 146.740005 265.899994 363.399994
773 261.670013 255.949997 352.720001 146.639999 290.809998 342.500000
774 264.820007 257.730011 353.540009 154.619995 287.859985 350.720001
775 276.119995 257.100006 357.970001 155.500000 290.799988 363.570007
776 265.640015 258.049988 347.739990 151.580002 265.350006 372.329987
777 274.779999 295.579987 347.750000 148.940002 260.760010 350.089996
778 260.779999 257.790009 349.839996 146.669998 286.769989 363.170013
779 264.980011 287.440002 344.390015 148.139999 296.609985 378.609985
780 258.820007 260.399994 382.440002 146.509995 267.880005 351.260010
781 256.160004 264.290009 357.700012 146.619995 272.179993 378.480011
782 256.799988 260.859985 363.299988 153.710007 261.690002 387.290009
783 257.850006 285.709991 360.170013 146.580002 266.019989 350.559998
784 256.279999 258.679993 375.630005 148.529999 260.829987 386.079987
785 256.220001 258.510010 369.000000 147.759995 259.980011 358.570007
786 257.250000 288.089996 352.559998 146.559998 258.130005 388.779999
787 259.619995 259.260010 380.119995 163.839996 279.119995 349.390015
788 256.959991 256.369995 344.799988 147.699997 257.420013 350.779999
789 256.279999 261.579987 378.549988 148.240005 258.500000 349.399994
790 256.109985 261.570007 356.040009 147.009995 261.980011 388.040009
791 291.329987 284.910004 370.190002 149.160004 270.649994 355.239990
792 261.720001 260.899994 352.779999 148.509995 259.369995 353.519989
793 257.609985 259.049988 356.089996 148.389999 258.839996 377.049988
794 260.350006 273.910004 366.570007 163.830002 265.829987 387.450012
795 264.880005 261.140015 371.299988 149.059998 263.619995 357.959991
796 275.059998 261.850006 359.209991 159.100006 266.010010 359.519989
797 260.220001 256.700012 351.070007 147.039993 257.130005 350.480011
798 255.759995 255.960007 347.549988 146.880005 257.250000 350.010010
799 256.760010 256.309998 344.079987 150.080002 271.380005 381.420013
800 260.359985 256.540009 362.390015 152.899994 262.769989 394.100006
801 282.519989 283.880005 353.970001 146.619995 257.200012 352.899994
802 257.660004 256.239990 371.989990 151.210007 290.559998 352.269989
803 257.829987 256.480011 349.390015 146.529999 276.350006 372.670013
804 258.899994 257.709991 360.529999 149.929993 257.630005 356.269989
805 294.290009 256.559998 389.750000 147.699997 258.390015 380.829987
806 264.890015 261.350006 370.799988 156.759995 259.239990 382.720001
807 256.260010 256.660004 349.239990 147.270004 258.250000 354.670013
808 263.500000 289.309998 373.529999 154.639999 258.070007 350.820007
809 256.380005 256.119995 349.049988 147.100006 265.750000 381.109985
810 258.130005 256.510010 375.760010 179.460007 259.450012 355.980011
811 284.670013 258.660004 352.970001 146.830002 257.149994 379.929993
812 267.829987 288.730011 351.160004 146.869995 273.760010 399.299988
813 262.220001 260.450012 362.049988 175.929993 261.779999 357.739990
814 261.890015 265.359985 389.570007 148.910004 259.660004 405.399994
815 266.640015 259.869995 360.269989 146.830002 258.700012 371.130005
816 256.540009 260.529999 372.769989 170.389999 259.329987 350.579987
817 258.200012 261.049988 393.250000 149.380005 264.029999 350.519989
818 286.890015 290.470001 350.799988 147.100006 257.809998 351.160004
819 258.489990 260.489990 363.859985 148.320007 259.480011 385.149994
820 279.109985 268.440002 382.059998 151.149994 257.670013 359.329987
821 266.420013 284.600006 388.119995 148.830002 288.160004 361.029999
822 257.440002 256.510010 358.029999 154.479996 269.100006 374.630005
823 258.720001 257.380005 398.730011 153.779999 289.130005 362.380005
824 262.170013 296.049988 387.220001 150.889999 265.410004 389.450012
825 257.739990 259.670013 406.970001 149.000000 258.660004 395.779999
826 262.309998 288.549988 359.459991 146.679993 257.299988 364.730011
827 256.239990 257.100006 355.170013 150.850006 286.290009 371.109985
828 256.279999 293.320007 390.260010 150.910004 263.350006 368.760010
829 256.619995 256.459991 358.239990 146.490005 259.570007 370.290009
830 289.399994 257.329987 388.029999 154.899994 257.040009 364.260010
831 258.170013 262.000000 352.989990 146.660004 264.989990 384.760010
832 267.059998 256.260010 358.329987 146.809998 260.709991 366.760010
833 257.609985 257.109985 354.260010 147.300003 263.029999 395.640015
834 259.809998 256.869995 360.040009 158.669998 262.260010 399.959991
835 261.459991 258.649994 358.059998 149.399994 263.010010 368.209991
836 256.420013 256.410004 365.660004 171.910004 263.010010 399.049988
837 259.309998 276.660004 382.700012 147.149994 257.410004 371.700012
838 256.429993 291.940002 353.959991 148.940002 307.630005 380.179993
839 257.279999 256.299988 368.989990 147.559998 259.630005 367.179993
840 257.339996 258.529999 363.209991 147.000000 263.540009 398.829987
841 259.429993 259.959991 356.929993 149.070007 262.089996 366.660004
842 256.989990 270.170013 356.959991 146.809998 291.029999 365.100006
843 256.149994 256.040009 357.200012 147.029999 288.230011 364.570007
844 258.140015 263.630005 360.649994 147.059998 256.769989 372.059998
845 287.570007 293.690002 350.980011 147.149994 289.529999 403.980011
846 258.309998 258.619995 358.489990 148.910004 291.890015 377.790009
847 257.049988 262.250000 362.140015 148.070007 264.149994 399.049988
848 287.549988 259.209991 358.000000 147.580002 256.769989 381.410004
849 269.579987 256.290009 352.179993 146.830002 257.190002 364.950012
850 256.250000 256.190002 356.720001 146.500000 261.700012 397.130005
851 256.059998 284.510010 362.510010 147.119995 257.019989 364.250000
852 256.089996 255.869995 354.640015 146.860001 257.000000 364.730011
853 256.070007 255.990005 353.890015 147.070007 259.890015 376.100006
854 274.940002 258.179993 353.320007 147.110001 257.000000 364.290009
855 256.410004 256.230011 359.850006 147.419998 291.630005 365.950012
856 285.779999 256.750000 359.679993 146.710007 260.149994 366.160004
857 256.279999 256.179993 349.760010 147.229996 257.220001 364.980011
858 256.239990 256.160004 357.519989 146.710007 257.230011 364.369995
859 255.589996 255.899994 361.470001 146.660004 273.989990 365.510010
860 263.339996 285.480011 418.779999 167.130005 257.230011 364.440002
861 256.309998 256.260010 354.690002 146.800003 257.000000 363.899994
862 256.079987 255.850006 357.040009 146.960007 259.359985 387.489990
863 287.000000 281.480011 352.010010 147.020004 256.980011 363.980011
864 255.889999 255.770004 368.540009 146.880005 257.010010 364.049988
865 255.850006 255.910004 358.510010 146.600006 278.019989 397.350006
866 257.929993 257.019989 386.750000 146.550003 257.230011 364.880005
867 258.019989 256.339996 387.109985 146.520004 256.670013 364.019989
868 255.960007 255.830002 368.399994 147.210007 258.799988 366.809998
869 288.170013 256.450012 362.619995 147.750000 258.579987 364.070007
870 256.290009 299.350006 385.720001 146.639999 258.470001 364.589996
871 256.420013 256.320007 363.440002 165.740005 267.720001 366.100006
872 287.260010 256.170013 360.700012 147.770004 258.600006 364.109985
873 256.070007 256.250000 362.670013 146.750000 256.760010 389.899994
874 259.079987 256.480011 356.390015 158.149994 260.100006 396.140015
875 288.390015 257.209991 358.630005 147.880005 257.339996 364.239990
876 256.109985 255.949997 376.350006 146.919998 281.820007 374.690002
877 273.839996 256.510010 355.329987 154.509995 257.079987 386.179993
878 266.690002 256.339996 362.619995 147.539993 257.130005 367.109985
879 256.260010 256.609985 388.049988 146.850006 283.829987 368.510010
880 256.600006 256.489990 360.040009 152.580002 289.269989 397.589996
881 256.260010 256.179993 367.880005 147.919998 257.070007 363.779999
882 284.670013 259.269989 361.049988 177.350006 258.679993 364.440002
883 255.899994 255.750000 371.660004 148.250000 257.880005 397.589996
884 256.260010 258.100006 350.720001 146.630005 256.970001 369.329987
885 256.429993 287.140015 371.670013 146.509995 258.190002 365.220001
886 256.250000 256.549988 394.549988 154.389999 258.779999 396.309998
887 256.350006 256.359985 356.850006 147.070007 256.980011 363.839996
888 255.860001 256.480011 360.630005 147.050003 256.989990 365.709991
889 271.519989 262.220001 400.579987 154.240005 280.910004 377.350006
890 257.790009 257.730011 398.730011 174.860001 260.649994 364.649994
891 257.459991 256.790009 356.179993 147.509995 257.200012 364.510010
892 255.720001 255.509995 359.559998 147.770004 258.670013 366.299988
893 256.160004 256.380005 356.959991 147.440002 257.309998 393.190002
894 256.459991 256.690002 366.339996 146.869995 257.690002 364.480011
895 255.919998 286.459991 366.329987 146.860001 265.079987 396.959991
896 256.149994 256.100006 363.200012 146.850006 256.760010 363.600006
897 269.720001 280.420013 370.130005 148.160004 271.910004 364.059998
898 255.919998 257.649994 362.920013 147.449997 258.239990 395.510010
899 256.040009 257.859985 359.100006 146.669998 257.119995 365.489990
900 256.029999 256.579987 362.399994 148.630005 268.630005 363.750000
901 256.179993 257.559998 396.940002 147.220001 259.049988 364.720001
902 256.220001 256.359985 360.160004 150.949997 257.100006 364.049988
903 256.929993 256.899994 363.950012 146.910004 285.950012 364.989990
904 256.000000 256.929993 376.899994 146.639999 257.890015 364.220001
905 256.809998 288.820007 405.149994 148.089996 257.170013 364.709991
906 256.119995 256.570007 361.730011 147.380005 288.019989 364.220001
907 256.140015 257.290009 380.679993 146.639999 278.579987 394.450012
908 268.480011 259.470001 380.209991 147.139999 257.130005 400.519989
909 256.660004 256.859985 369.059998 171.110001 257.500000 364.089996
910 256.119995 255.929993 367.119995 147.720001 257.859985 364.369995
911 256.459991 256.200012 361.570007 146.619995 257.220001 366.200012
912 256.820007 256.649994 367.250000 172.210007 262.329987 364.579987
913 296.010010 279.859985 355.769989 148.029999 274.510010 398.160004
914 256.420013 256.390015 364.410004 175.080002 257.200012 366.089996
915 256.970001 256.559998 378.140015 152.639999 256.950012 364.040009
916 256.109985 255.929993 362.649994 147.699997 257.660004 365.890015
917 256.040009 277.760010 365.049988 146.490005 257.429993 365.880005
918 256.510010 256.339996 358.369995 147.830002 263.739990 364.619995
919 291.089996 263.209991 357.859985 157.160004 282.130005 407.739990
920 259.950012 261.510010 390.820007 147.580002 258.730011 364.320007
921 256.260010 258.579987 395.820007 149.850006 265.709991 363.929993
922 258.480011 296.350006 365.470001 148.339996 280.980011 374.350006
923 256.279999 256.029999 366.709991 147.029999 257.230011 364.769989
924 256.790009 257.790009 371.040009 147.690002 277.720001 402.459991
925 256.470001 256.320007 403.709991 150.619995 259.790009 364.250000
926 256.410004 283.100006 362.559998 146.520004 285.670013 367.600006
927 256.420013 256.549988 359.540009 148.279999 257.079987 363.869995
928 256.010010 256.049988 361.750000 149.050003 290.690002 365.779999
929 257.350006 256.820007 366.630005 147.029999 256.769989 365.470001
930 257.299988 256.549988 372.339996 147.020004 257.250000 366.799988
931 260.000000 259.679993 409.779999 148.250000 257.309998 365.179993
932 262.170013 270.149994 376.540009 147.770004 262.619995 370.529999
933 256.369995 290.899994 367.190002 147.360001 259.100006 399.660004
934 260.429993 258.100006 363.339996 146.889999 257.140015 363.989990
935 255.820007 255.949997 403.029999 147.429993 256.970001 424.239990
936 262.350006 261.589996 383.079987 148.529999 257.410004 366.070007
937 272.769989 264.549988 373.929993 158.380005 257.269989 390.070007
938 257.040009 289.489990 375.459991 162.410004 280.910004 446.540009
939 287.399994 257.600006 369.890015 149.160004 268.320007 392.019989
940 256.730011 256.510010 364.059998 146.509995 256.690002 383.029999
941 256.500000 285.329987 400.260010 148.199997 289.420013 417.769989
942 287.570007 286.540009 374.660004 151.500000 267.040009 458.839996
943 260.459991 278.350006 422.700012 165.679993 269.839996 428.790009
944 266.019989 275.820007 374.940002 157.309998 261.640015 423.920013
945 277.510010 262.549988 398.829987 148.990005 309.000000 424.450012
946 284.559998 294.760010 430.489990 182.179993 289.440002 460.350006
947 300.290009 287.230011 393.730011 179.639999 318.779999 406.089996
948 316.359985 291.910004 414.269989 178.990005 294.510010 460.470001
949 301.459991 287.500000 403.019989 175.600006 290.269989 383.630005
950 256.230011 256.140015 368.130005 147.529999 283.579987 393.619995
951 257.350006 256.609985 363.910004 146.830002 257.549988 385.010010
952 257.130005 256.579987 377.279999 147.320007 257.279999 383.359985
953 255.899994 257.709991 361.619995 149.889999 285.359985 403.559998
954 260.649994 256.640015 368.170013 147.130005 257.230011 383.209991
955 256.029999 256.070007 372.350006 147.869995 257.179993 383.220001
956 256.019989 256.140015 380.149994 155.960007 257.600006 400.529999
957 262.589996 256.619995 359.570007 146.869995 256.929993 383.029999
958 256.040009 256.769989 376.489990 148.029999 257.010010 415.200012
959 256.309998 256.549988 379.420013 146.570007 256.970001 416.720001
960 256.609985 273.220001 390.260010 147.960007 258.019989 387.859985
961 271.399994 273.410004 365.600006 149.759995 270.529999 402.769989
962 280.980011 266.510010 368.260010 158.110001 289.649994 387.510010
963 284.529999 265.410004 380.339996 149.270004 261.470001 392.899994
964 256.890015 258.279999 375.290009 146.850006 263.540009 388.609985
965 264.070007 261.760010 364.250000 148.949997 270.420013 385.290009
966 256.630005 262.640015 389.700012 148.080002 258.029999 416.440002
967 257.670013 260.989990 376.440002 149.369995 266.489990 384.049988
968 262.890015 265.149994 393.070007 148.619995 282.410004 396.899994
969 256.630005 256.670013 371.489990 146.839996 263.390015 415.109985
970 265.750000 291.500000 390.619995 151.350006 281.390015 389.299988
971 266.630005 260.570007 392.269989 146.570007 259.070007 389.279999
972 287.309998 274.940002 363.779999 150.000000 262.799988 417.980011
973 266.100006 292.450012 415.739990 147.600006 257.760010 385.940002
974 256.799988 289.059998 382.500000 146.509995 257.160004 385.850006
975 286.619995 256.570007 391.700012 149.279999 260.290009 399.660004
976 259.779999 259.519989 376.640015 154.210007 257.279999 422.070007
977 269.390015 261.750000 397.000000 164.809998 257.980011 388.910004
978 257.899994 258.209991 407.910004 162.660004 289.000000 416.140015
979 289.700012 257.320007 368.959991 174.589996 264.239990 387.640015
980 256.750000 259.309998 420.670013 161.690002 258.029999 391.130005
981 288.119995 258.549988 381.010010 149.130005 281.820007 399.820007
982 257.130005 284.670013 377.160004 147.110001 261.839996 389.510010
983 261.260010 288.200012 365.279999 147.169998 258.179993 385.769989
984 256.829987 287.730011 375.720001 173.649994 262.920013 388.119995
985 257.500000 260.730011 370.790009 147.229996 261.279999 399.109985
986 308.519989 266.820007 372.929993 147.080002 264.859985 419.320007
987 257.679993 289.779999 384.320007 152.850006 261.970001 390.609985
988 257.890015 263.910004 379.450012 147.789993 257.200012 393.079987
989 262.489990 287.410004 399.220001 147.479996 257.829987 385.149994
990 256.260010 255.979996 369.850006 150.250000 261.869995 423.320007
991 272.910004 276.559998 368.079987 146.740005 257.029999 384.920013
992 256.190002 255.789993 406.250000 152.410004 257.380005 387.660004
993 283.980011 263.220001 387.290009 148.339996 258.720001 396.820007
994 256.170013 289.239990 384.230011 146.580002 264.500000 387.250000
995 256.179993 256.859985 376.529999 150.199997 288.940002 416.470001
996 259.600006 256.339996 381.429993 148.059998 259.920013 409.420013
997 267.700012 282.649994 378.380005 149.710007 260.040009 415.839996
998 257.309998 257.950012 379.309998 147.570007 289.410004 385.350006
999 263.510010 284.630005 372.820007 159.960007 263.230011 395.059998
1000 288.529999 256.529999 377.140015 147.350006 270.459991 391.799988
